RI_Back,768,192,0013BB1E,0,1,1,4294967295,0,0
RI_Back,1776,192,002E6B76,0,1,1,4294967295,0,0
RI_Back,2784,192,001CA725,0,1,1,4294967295,0,0
RI_Back,3792,192,00326DE5,0,1,1,4294967295,0,0
JH_Ground,128,448,002FEC5F,0,1,1,4294967295,0,0
JH_Ground,384,448,001D1E74,0,1,1,4294967295,0,0
JH_Ground,640,448,0025A2C3,0,1,1,4294967295,0,0
JH_Ground,112,320,00393855,0,1,1,4294967295,0,0
JH_Ground,368,320,000D3A4B,0,1,1,4294967295,0,0
JH_Ground,624,320,0039F530,0,1,1,4294967295,0,0
JH_Ground,112,256,0000273C,0,1,1,4294967295,0,0
JH_Ground,368,256,0001A4D4,0,1,1,4294967295,0,0
JH_Ground,624,256,00034319,0,1,1,4294967295,0,0
JH_Ground,112,192,00222BFE,0,1,1,4294967295,0,0
JH_Ground,368,192,000052C5,0,1,1,4294967295,0,0
JH_Ground,624,192,001C3289,0,1,1,4294967295,0,0
JH_Ground,640,320,00330DAE,0,1,1,4294967295,0,0
JH_Ground,640,256,00021AA0,0,1,1,4294967295,0,0
JH_Ground,640,192,001982BF,0,1,1,4294967295,0,0
RI_Ground,768,416,002AEE03,0,1,1,4294967295,0,0
RI_Ground,1024,416,001F24BD,0,1,1,4294967295,0,0
RI_Ground,1280,416,000B658B,0,1,1,4294967295,0,0
RI_Ground,1536,416,001C901B,0,1,1,4294967295,0,0
RI_Ground,1792,416,0034BE95,0,1,1,4294967295,0,0
RI_Ground,2048,416,001245D1,0,1,1,4294967295,0,0
RI_Ground,2304,416,002A459D,0,1,1,4294967295,0,0
RI_Ground,2560,416,00305CCC,0,1,1,4294967295,0,0
RI_Ground,2816,416,0018ECB7,0,1,1,4294967295,0,0
RI_Ground,3072,416,002F0437,0,1,1,4294967295,0,0
RI_Ground,3328,416,0015045C,0,1,1,4294967295,0,0
RI_Ground,3584,416,000A0BFC,0,1,1,4294967295,0,0
RI_Ground,3840,416,00091D09,0,1,1,4294967295,0,0
JH_HyperChecker8,544,336,001AA914,0,1,1,4294967295,0,0
Simulabled,16,0,002124B0,0,1,1,4294967295,0,0
JH_HyperChecker9,1664,336,003FA2B1,0,1,1,4294967295,0,0
JH_HideWall2,640,384,003ABBB2,0,1,1,4294967295,0,0
JH_HideWall2,496,384,00032684,0,1,1,4294967295,0,0
Solid_Line,16,384,00161DE8,0,1,1,4294967295,0,0
Solid_Line,16,288,0015CBC6,0,1,1,4294967295,0,0
Solid_Line,16,208,0013231D,0,1,1,4294967295,0,0
Solid_Line,16,128,000BD25E,0,1,1,4294967295,0,0
Solid_Line,16,48,000D3057,0,1,1,4294967295,0,0
