SolidTrap2,148,161,00167E2A,0,1,1,4294967295,0,0
CP_Ground,96,458,0024798D,0,1,1,4294967295,0,0
CP_Ground,272,458,00062AAF,0,1,1,4294967295,0,0
CP_Ground,464,458,0020E301,0,1,1,4294967295,0,0
CP_Ground,656,458,0023499C,0,1,1,4294967295,0,0
D,340,352,000FC816,0,1,1,4294967295,0,0
DC_Knuckles,177,360,000699E9,0,1,1,4294967295,0,0
RF_118,626,2,00290325,0,1,1,4294967295,0,0
DC_Tails,193,212,002CDA79,0,1,1,4294967295,0,0
Solid_Line,624,381,00361FCD,0,1,1,4294967295,0,0
Solid_Line,624,299,002C5AB4,0,1,1,4294967295,0,0
Solid_Line,624,205,00141AE3,0,1,1,4294967295,0,0
Solid_Line,624,111,00154F8D,0,1,1,4294967295,0,0
Solid_Line,624,27,000A1FA1,0,1,1,4294967295,0,0
Solid_Line,16,355,000F13B7,0,1,1,4294967295,0,0
Solid_Line,16,269,0002715C,0,1,1,4294967295,0,0
Solid_Line,16,181,0033C5AD,0,1,1,4294967295,0,0
Solid_Line,16,93,003C7304,0,1,1,4294967295,0,0
Solid_Line,16,8,0005D21E,0,1,1,4294967295,0,0
HUDer,1,3,001968B5,0,1,1,4294967295,0,0
