RedBackground,512,96,00390940,0,1,1,4294967295,0,0
SallyLive,566,1674,0033BB85,0,1,1,4294967295,0,0
SallyLive,6496,48,00257918,0,1,1,4294967295,0,0
SallyLive,1040,704,001C2CD8,0,1,1,4294967295,0,0
SallyLive,12240,1632,00362A33,0,1,1,4294967295,0,0
SallyLive,5520,816,0011C853,0,1,1,4294967295,0,0
SallyLive,7560,456,00289F8C,0,1,1,4294967295,0,0
SallyLive,8032,736,000CF6A0,0,1,1,4294967295,0,0
SallyLive,8000,736,00266A9B,0,1,1,4294967295,0,0
SallyLive,7968,736,001E9DA7,0,1,1,4294967295,0,0
SallyLive,7936,736,001B054E,0,1,1,4294967295,0,0
SallyLive,7904,736,001B98E4,0,1,1,4294967295,0,0
SallyLive,7872,736,0035F423,0,1,1,4294967295,0,0
SallyLive,7840,736,00250640,0,1,1,4294967295,0,0
SallyLive,7808,736,000FBA14,0,1,1,4294967295,0,0
SallyLive,7776,736,00221987,0,1,1,4294967295,0,0
SallyLive,7776,704,00400B10,0,1,1,4294967295,0,0
SallyLive,7776,672,00188256,0,1,1,4294967295,0,0
SallyLive,7776,640,000CA738,0,1,1,4294967295,0,0
SallyLive,7776,608,000250B9,0,1,1,4294967295,0,0
SallyLive,7776,576,00353B31,0,1,1,4294967295,0,0
SallyLive,7776,544,003E1C1D,0,1,1,4294967295,0,0
SallyLive,7776,544,0031FEB5,0,1,1,4294967295,0,0
SallyLive,7808,544,0036D993,0,1,1,4294967295,0,0
SallyLive,7840,544,0028F20A,0,1,1,4294967295,0,0
SallyLive,7872,544,001AEDCF,0,1,1,4294967295,0,0
SallyLive,7904,544,000402EE,0,1,1,4294967295,0,0
SallyLive,7936,544,0011FC48,0,1,1,4294967295,0,0
SallyLive,7968,544,0011928F,0,1,1,4294967295,0,0
SallyLive,8000,544,0023CA0B,0,1,1,4294967295,0,0
SallyLive,8032,544,002DE07C,0,1,1,4294967295,0,0
SallyLive,8032,576,0010B4BA,0,1,1,4294967295,0,0
SallyLive,8032,608,0016F7AD,0,1,1,4294967295,0,0
SallyLive,8032,640,002E55FB,0,1,1,4294967295,0,0
SallyLive,8000,640,001931A8,0,1,1,4294967295,0,0
SallyLive,8000,672,0027CC78,0,1,1,4294967295,0,0
SallyLive,8032,672,0018E7BF,0,1,1,4294967295,0,0
SallyLive,8032,704,00009066,0,1,1,4294967295,0,0
SallyLive,8000,704,0016EA0C,0,1,1,4294967295,0,0
SallyLive,7968,704,0010BF7A,0,1,1,4294967295,0,0
SallyLive,7936,704,002A6917,0,1,1,4294967295,0,0
SallyLive,7904,704,0023B3DE,0,1,1,4294967295,0,0
SallyLive,7872,704,0013B7C0,0,1,1,4294967295,0,0
SallyLive,7840,704,0023CE5E,0,1,1,4294967295,0,0
SallyLive,7808,704,000AC677,0,1,1,4294967295,0,0
SallyLive,7776,704,002E5569,0,1,1,4294967295,0,0
SallyLive,7776,672,0030D0C0,0,1,1,4294967295,0,0
SallyLive,7776,640,001B4C2C,0,1,1,4294967295,0,0
SallyLive,7808,640,003A2E8C,0,1,1,4294967295,0,0
SallyLive,7840,640,0012F09C,0,1,1,4294967295,0,0
SallyLive,7872,640,0020AFDB,0,1,1,4294967295,0,0
SallyLive,7904,640,00341F20,0,1,1,4294967295,0,0
SallyLive,7936,640,000FCC9A,0,1,1,4294967295,0,0
SallyLive,7968,640,0004F084,0,1,1,4294967295,0,0
SallyLive,7968,672,003E0ED3,0,1,1,4294967295,0,0
SallyLive,7936,672,002568D3,0,1,1,4294967295,0,0
SallyLive,7904,672,00147392,0,1,1,4294967295,0,0
SallyLive,7904,640,001C7FDC,0,1,1,4294967295,0,0
SallyLive,7872,640,001B5E5B,0,1,1,4294967295,0,0
SallyLive,7840,640,0002E1B4,0,1,1,4294967295,0,0
SallyLive,7840,672,002362A2,0,1,1,4294967295,0,0
SallyLive,7808,672,0030A5CB,0,1,1,4294967295,0,0
SallyLive,7808,640,0023FA61,0,1,1,4294967295,0,0
SallyLive,7808,608,0025AE2B,0,1,1,4294967295,0,0
SallyLive,7808,640,0033D0F9,0,1,1,4294967295,0,0
SallyLive,7840,640,002EFEB5,0,1,1,4294967295,0,0
SallyLive,7872,640,002B41A2,0,1,1,4294967295,0,0
SallyLive,7872,672,000A9A75,0,1,1,4294967295,0,0
SallyLive,7904,672,00323DA3,0,1,1,4294967295,0,0
SallyLive,7904,640,00070C2B,0,1,1,4294967295,0,0
SallyLive,7872,640,0022636C,0,1,1,4294967295,0,0
SallyLive,7840,640,00293709,0,1,1,4294967295,0,0
SallyLive,7840,608,0025E44A,0,1,1,4294967295,0,0
SallyLive,7808,608,00111EB4,0,1,1,4294967295,0,0
SallyLive,7808,576,0034D256,0,1,1,4294967295,0,0
SallyLive,7808,544,000B56CA,0,1,1,4294967295,0,0
SallyLive,7840,544,002CD3E0,0,1,1,4294967295,0,0
SallyLive,7840,576,0025D97F,0,1,1,4294967295,0,0
SallyLive,7872,576,001E298C,0,1,1,4294967295,0,0
SallyLive,7904,576,000C30B2,0,1,1,4294967295,0,0
SallyLive,7936,576,00297DA9,0,1,1,4294967295,0,0
SallyLive,7936,544,00306C7D,0,1,1,4294967295,0,0
SallyLive,7968,544,001F3110,0,1,1,4294967295,0,0
SallyLive,7968,576,0026CA01,0,1,1,4294967295,0,0
SallyLive,8000,576,000DC3F1,0,1,1,4294967295,0,0
SallyLive,8000,608,00101962,0,1,1,4294967295,0,0
SallyLive,7968,608,000106C1,0,1,1,4294967295,0,0
SallyLive,7968,576,00176A90,0,1,1,4294967295,0,0
SallyLive,7936,576,003DF371,0,1,1,4294967295,0,0
SallyLive,7904,576,003195B1,0,1,1,4294967295,0,0
SallyLive,7872,576,002DEA7F,0,1,1,4294967295,0,0
SallyLive,7872,608,001E54FA,0,1,1,4294967295,0,0
SallyLive,7840,608,00147626,0,1,1,4294967295,0,0
SallyLive,7808,608,00142B36,0,1,1,4294967295,0,0
SallyLive,7840,608,002D70B2,0,1,1,4294967295,0,0
SallyLive,7872,608,00001872,0,1,1,4294967295,0,0
SallyLive,7904,608,00278719,0,1,1,4294967295,0,0
SallyLive,7904,576,0007802B,0,1,1,4294967295,0,0
SallyLive,7936,576,002D6B76,0,1,1,4294967295,0,0
SallyLive,7904,576,0036E44B,0,1,1,4294967295,0,0
SallyLive,7904,576,0032D966,0,1,1,4294967295,0,0
SallyLive,7936,608,00326855,0,1,1,4294967295,0,0
SallyLive,11968,1664,000452CD,0,1,1,4294967295,0,0
SallyLive,12032,1664,000DFA93,0,1,1,4294967295,0,0
SallyLive,12096,1664,002893B9,0,1,1,4294967295,0,0
SallyLive,12160,1664,000D46FD,0,1,1,4294967295,0,0
SallyLive,12224,1664,00353988,0,1,1,4294967295,0,0
SallyLive,12224,1664,003EB933,0,1,1,4294967295,0,0
SallyLive,12224,1664,002FE9B4,0,1,1,4294967295,0,0
SallyLive,12224,1664,0008ED8D,0,1,1,4294967295,0,0
SallyLive,12224,1664,0002CA73,0,1,1,4294967295,0,0
SallyLive,12224,1664,002328D2,0,1,1,4294967295,0,0
SallyLive,12224,1664,002D0101,0,1,1,4294967295,0,0
SallyLive,12224,1664,00231D29,0,1,1,4294967295,0,0
SallyLive,12224,1664,003CDB9A,0,1,1,4294967295,0,0
SallyLive,12224,1664,003908FD,0,1,1,4294967295,0,0
SallyLive,12224,1664,003EB89A,0,1,1,4294967295,0,0
SallyLive,12224,1664,0004CF7C,0,1,1,4294967295,0,0
SallyLive,12224,1664,002FC636,0,1,1,4294967295,0,0
SallyLive,12224,1664,00296CA1,0,1,1,4294967295,0,0
SallyLive,12224,1664,002B0F2A,0,1,1,4294967295,0,0
SallyLive,12224,1664,00109B3F,0,1,1,4294967295,0,0
SallyLive,12224,1664,0005208B,0,1,1,4294967295,0,0
SallyLive,12224,1664,002CA5FD,0,1,1,4294967295,0,0
SallyLive,12224,1664,0007BA10,0,1,1,4294967295,0,0
SallyLive,12224,1664,0014868D,0,1,1,4294967295,0,0
SallyLive,12224,1664,001F69A4,0,1,1,4294967295,0,0
SallyLive,12224,1664,002333ED,0,1,1,4294967295,0,0
SallyLive,12224,1664,0037CDC7,0,1,1,4294967295,0,0
SallyLive,12224,1664,002B592C,0,1,1,4294967295,0,0
SallyLive,12288,1664,00169B02,0,1,1,4294967295,0,0
SallyLive,12352,1664,0016D0DB,0,1,1,4294967295,0,0
SallyLive,12416,1664,0028D0C0,0,1,1,4294967295,0,0
SallyLive,12480,1664,0020553F,0,1,1,4294967295,0,0
SallyLive,12544,1664,000BA635,0,1,1,4294967295,0,0
SallyLive,12608,1664,002064AA,0,1,1,4294967295,0,0
SallyLive,12672,1664,000EF5CC,0,1,1,4294967295,0,0
SallyLive,12736,1664,003F96B0,0,1,1,4294967295,0,0
SallyLive,12800,1664,00111F17,0,1,1,4294967295,0,0
SallyLive,12864,1664,00023231,0,1,1,4294967295,0,0
SallyLive,12864,1664,0025614C,0,1,1,4294967295,0,0
SallyLive,12864,1664,00062384,0,1,1,4294967295,0,0
SallyLive,12864,1664,003EF4CD,0,1,1,4294967295,0,0
SallyLive,12864,1664,001710FC,0,1,1,4294967295,0,0
SallyLive,12864,1664,0010643A,0,1,1,4294967295,0,0
SallyLive,12864,1664,003EDE25,0,1,1,4294967295,0,0
SallyLive,12928,1664,0012B29D,0,1,1,4294967295,0,0
SallyLive,12992,1664,0001B4D0,0,1,1,4294967295,0,0
SallyLive,13056,1664,000E8B64,0,1,1,4294967295,0,0
SallyLive,13056,1728,0019EDFE,0,1,1,4294967295,0,0
SallyLive,12992,1728,0012964F,0,1,1,4294967295,0,0
SallyLive,12928,1728,00209B6C,0,1,1,4294967295,0,0
SallyLive,12864,1728,002F49E0,0,1,1,4294967295,0,0
SallyLive,12864,1728,0031D4A5,0,1,1,4294967295,0,0
SallyLive,12864,1728,00305658,0,1,1,4294967295,0,0
SallyLive,12864,1728,000F40A5,0,1,1,4294967295,0,0
SallyLive,12864,1728,001D17F5,0,1,1,4294967295,0,0
SallyLive,12864,1728,00288B96,0,1,1,4294967295,0,0
SallyLive,12864,1728,000446CC,0,1,1,4294967295,0,0
SallyLive,12864,1728,001A2C54,0,1,1,4294967295,0,0
SallyLive,12864,1728,0016B418,0,1,1,4294967295,0,0
SallyLive,12864,1728,002E0EBB,0,1,1,4294967295,0,0
SallyLive,12864,1728,0002E599,0,1,1,4294967295,0,0
SallyLive,12864,1728,000E9DEF,0,1,1,4294967295,0,0
SallyLive,12800,1664,003F59E0,0,1,1,4294967295,0,0
SallyLive,12736,1664,000025B1,0,1,1,4294967295,0,0
SallyLive,12672,1664,001BD3D0,0,1,1,4294967295,0,0
SallyLive,12608,1664,002A26BE,0,1,1,4294967295,0,0
SallyLive,12608,1728,0002DF29,0,1,1,4294967295,0,0
SallyLive,12672,1728,000FA1D0,0,1,1,4294967295,0,0
SallyLive,12736,1728,000A020F,0,1,1,4294967295,0,0
SallyLive,12800,1728,0034C87D,0,1,1,4294967295,0,0
SallyLive,12864,1728,001B90A5,0,1,1,4294967295,0,0
SallyLive,12864,1728,003CFC87,0,1,1,4294967295,0,0
SallyLive,12864,1728,0026BEE2,0,1,1,4294967295,0,0
SallyLive,12864,1728,00285F14,0,1,1,4294967295,0,0
SallyLive,12864,1728,000CCD0F,0,1,1,4294967295,0,0
SallyLive,12864,1728,0037D8DD,0,1,1,4294967295,0,0
SallyLive,12864,1728,001FB9C0,0,1,1,4294967295,0,0
SallyLive,12864,1728,0011BD1C,0,1,1,4294967295,0,0
SallyLive,12864,1728,00075C59,0,1,1,4294967295,0,0
SallyLive,12864,1728,0016D3C1,0,1,1,4294967295,0,0
SallyLive,12864,1728,0007F670,0,1,1,4294967295,0,0
SallyLive,12864,1728,002B98F1,0,1,1,4294967295,0,0
SallyLive,12864,1728,002AA5E5,0,1,1,4294967295,0,0
SallyLive,12864,1728,000D6864,0,1,1,4294967295,0,0
SallyLive,12864,1728,000280EB,0,1,1,4294967295,0,0
SallyLive,12864,1728,0000F487,0,1,1,4294967295,0,0
SallyLive,12864,1728,00312E61,0,1,1,4294967295,0,0
SallyLive,12864,1728,0037FD49,0,1,1,4294967295,0,0
SallyLive,12864,1728,001BA51B,0,1,1,4294967295,0,0
SallyLive,12864,1728,003A0E80,0,1,1,4294967295,0,0
SallyLive,12864,1728,00240AE8,0,1,1,4294967295,0,0
SallyLive,12864,1728,00049285,0,1,1,4294967295,0,0
SallyLive,12800,1728,003389FE,0,1,1,4294967295,0,0
SallyLive,12736,1728,003B39CC,0,1,1,4294967295,0,0
SallyLive,12736,1664,003E3C13,0,1,1,4294967295,0,0
SallyLive,12672,1664,00123F7B,0,1,1,4294967295,0,0
SallyLive,12608,1664,002D6951,0,1,1,4294967295,0,0
SallyLive,12544,1664,001E202A,0,1,1,4294967295,0,0
SallyLive,12480,1664,003B3308,0,1,1,4294967295,0,0
SallyLive,12480,1664,002763EE,0,1,1,4294967295,0,0
SallyLive,12416,1664,00261F65,0,1,1,4294967295,0,0
SallyLive,12544,1664,000CA904,0,1,1,4294967295,0,0
SallyLive,12544,1728,001DCA5F,0,1,1,4294967295,0,0
SallyLive,12480,1728,003D598A,0,1,1,4294967295,0,0
SallyLive,12416,1728,00045167,0,1,1,4294967295,0,0
SallyLive,12352,1728,002003B0,0,1,1,4294967295,0,0
SallyLive,12288,1728,00080442,0,1,1,4294967295,0,0
SallyLive,12224,1728,0023A363,0,1,1,4294967295,0,0
SallyLive,12224,1728,0006FF5C,0,1,1,4294967295,0,0
SallyLive,12224,1728,0032329F,0,1,1,4294967295,0,0
SallyLive,12224,1728,000F94F0,0,1,1,4294967295,0,0
SallyLive,12224,1728,00143A57,0,1,1,4294967295,0,0
SallyLive,12224,1728,0002EE22,0,1,1,4294967295,0,0
SallyLive,12224,1728,0021A5C0,0,1,1,4294967295,0,0
SallyLive,12224,1728,000A341D,0,1,1,4294967295,0,0
SallyLive,12224,1728,001D9CD7,0,1,1,4294967295,0,0
SallyLive,12224,1728,00150153,0,1,1,4294967295,0,0
SallyLive,12224,1728,0015658B,0,1,1,4294967295,0,0
SallyLive,12224,1728,001D9883,0,1,1,4294967295,0,0
SallyLive,12160,1728,001B8DD0,0,1,1,4294967295,0,0
SallyLive,12096,1728,001985D1,0,1,1,4294967295,0,0
SallyLive,12032,1728,00201A4F,0,1,1,4294967295,0,0
SallyLive,11968,1728,002BFE6A,0,1,1,4294967295,0,0
SallyLive,11904,1728,000542DC,0,1,1,4294967295,0,0
SallyLive,11904,1664,000DD1A7,0,1,1,4294967295,0,0
JH_Ground,628,1104,0031FB7E,0,1,1,4294967295,0,0
JH_Ground,932,1232,000A5F22,0,1,1,4294967295,0,0
JH_Ground,628,1360,00278C1A,0,1,1,4294967295,0,0
JH_Ground,628,1904,000DC43E,0,1,1,4294967295,0,0
JH_Ground,1648,1904,00185E38,0,1,1,4294967295,0,0
JH_Ground,2164,1808,003B0C1D,0,1,1,4294967295,0,0
JH_Ground,2420,1808,0030BAFB,0,1,1,4294967295,0,0
JH_Ground,2676,1808,003071F7,0,1,1,4294967295,0,0
JH_Ground,2932,1680,001A8321,0,1,1,4294967295,0,0
JH_Ground,3188,1552,00345DC0,0,1,1,4294967295,0,0
JH_Ground,3716,1056,00089A16,0,1,1,4294967295,0,0
JH_Ground,3972,1056,0016C8BC,0,1,1,4294967295,0,0
JH_Ground,4228,1056,00104130,0,1,1,4294967295,0,0
JH_Ground,4484,1056,00150500,0,1,1,4294967295,0,0
JH_Ground,4740,1056,0038F8C2,0,1,1,4294967295,0,0
JH_Ground,4932,1328,00114A9B,0,1,1,4294967295,0,0
JH_Ground,5188,1328,00251E3C,0,1,1,4294967295,0,0
JH_Ground,5444,1328,002ABF1C,0,1,1,4294967295,0,0
JH_Ground,932,448,003BEE5F,0,1,1,4294967295,0,0
JH_Ground,1188,448,000B9C73,0,1,1,4294967295,0,0
JH_Ground,1444,448,00033054,0,1,1,4294967295,0,0
JH_Ground,1700,448,00085BA9,0,1,1,4294967295,0,0
JH_Ground,420,448,001CE26C,0,1,1,4294967295,0,0
JH_Ground,5700,1328,00051F75,0,1,1,4294967295,0,0
JH_Ground,8288,464,00390BEA,0,1,1,4294967295,0,0
JH_Ground,8640,704,00397D8C,0,1,1,4294967295,0,0
JH_Ground,8868,704,001D6DE9,0,1,1,4294967295,0,0
JH_Ground,9124,704,00276D3A,0,1,1,4294967295,0,0
JH_Ground,9380,704,003370C4,0,1,1,4294967295,0,0
JH_Ground,7300,-36,0027ED38,0,1,1,4294967295,0,0
JH_Ground,7556,-36,002713A8,0,1,1,4294967295,0,0
JH_Ground,7812,-36,001D4E3A,0,1,1,4294967295,0,0
JH_Ground,8068,-36,0001C19B,0,1,1,4294967295,0,0
JH_Ground,8324,-36,00265AB2,0,1,1,4294967295,0,0
JH_Ground,8580,-36,00220816,0,1,1,4294967295,0,0
JH_Ground,8836,-36,001FE907,0,1,1,4294967295,0,0
JH_Ground,9092,-36,001DD46D,0,1,1,4294967295,0,0
JH_Ground,9348,-36,0013230F,0,1,1,4294967295,0,0
JH_Ground,9604,-36,0016CDB8,0,1,1,4294967295,0,0
JH_Ground,9860,-36,003941ED,0,1,1,4294967295,0,0
JH_Ground,10116,-36,00070371,0,1,1,4294967295,0,0
JH_Ground,10372,-36,00244EFE,0,1,1,4294967295,0,0
JH_Ground,7044,-36,00119C45,0,1,1,4294967295,0,0
JH_Ground,6788,-36,0011A593,0,1,1,4294967295,0,0
JH_Ground,6532,-36,00146403,0,1,1,4294967295,0,0
JH_Ground,6276,-36,0033B52B,0,1,1,4294967295,0,0
JH_Ground,6020,-36,000EE1E9,0,1,1,4294967295,0,0
JH_Ground,6004,1808,002BFCB8,0,1,1,4294967295,0,0
JH_Ground,6708,1696,00261061,0,1,1,4294967295,0,0
JH_Ground,6964,1696,00393D9A,0,1,1,4294967295,0,0
JH_Ground,7220,1696,0007F870,0,1,1,4294967295,0,0
JH_Ground,7476,1696,003F37F7,0,1,1,4294967295,0,0
JH_Ground,7732,1696,003A1CC4,0,1,1,4294967295,0,0
JH_Ground,7988,1696,002C4A8A,0,1,1,4294967295,0,0
JH_Ground,6788,1456,0006F25E,0,1,1,4294967295,0,0
JH_Ground,7044,1456,0035FFE4,0,1,1,4294967295,0,0
JH_Ground,7300,1456,0031342B,0,1,1,4294967295,0,0
JH_Ground,7556,1456,00182A42,0,1,1,4294967295,0,0
JH_Ground,7812,1456,003875D4,0,1,1,4294967295,0,0
JH_Ground,8132,1696,00238BA1,0,1,1,4294967295,0,0
JH_FakeGround,676,448,002365E9,0,1,1,4294967295,0,0
JH_SolidWall,1028,1088,003E6856,0,1,1,4294967295,0,0
JH_SolidWall,1028,848,00018E6A,0,1,1,4294967295,0,0
JH_SolidWall,484,1760,00119C11,0,1,1,4294967295,0,0
JH_SolidWall,484,1472,0032F240,0,1,1,4294967295,0,0
JH_SolidWall,484,1216,0030C821,0,1,1,4294967295,0,0
JH_SolidWall,484,960,00350AB0,0,1,1,4294967295,0,0
JH_SolidWall,484,704,001B1C8D,0,1,1,4294967295,0,0
JH_SolidWall,480,544,001C5C8C,0,1,1,4294967295,0,0
JH_SolidWall,2068,1920,002186C4,0,1,1,4294967295,0,0
JH_SolidWall,3332,1520,00060BB3,0,1,1,4294967295,0,0
JH_SolidWall,3092,1696,0015955B,0,1,1,4294967295,0,0
JH_SolidWall,2836,1824,001481F0,0,1,1,4294967295,0,0
JH_SolidWall,3396,1424,00302E57,0,1,1,4294967295,0,0
JH_SolidWall,3460,1307,003B9E06,0,1,1,4294967295,0,0
JH_SolidWall,3524,1232,001DEBA8,0,1,1,4294967295,0,0
JH_SolidWall,3588,1152,00107B02,0,1,1,4294967295,0,0
JH_SolidWall,4836,1200,00109DAE,0,1,1,4294967295,0,0
JH_SolidGravityWall,3780,416,001E63D0,0,1,1,4294967295,0,0
JH_SolidGravityWall,3780,672,002958B2,0,1,1,4294967295,0,0
JH_SolidGravityWall,3780,160,002949F5,0,1,1,4294967295,0,0
JH_Ground,1956,448,003893A5,0,1,1,4294967295,0,0
JH_Ground,2212,448,000492EF,0,1,1,4294967295,0,0
JH_Ground,2468,448,000F37B9,0,1,1,4294967295,0,0
JH_Ground,2724,448,001816A6,0,1,1,4294967295,0,0
JH_SolidWall,2820,304,0009ADF3,0,1,1,4294967295,0,0
JH_SolidWall,2820,64,0018CEB6,0,1,1,4294967295,0,0
JH_SolidWall,9540,848,000EAE0B,0,1,1,4294967295,0,0
JH_Ground,176,448,001C8E88,0,1,1,4294967295,0,0
JH_SolidWall,32,352,000ABF20,0,1,1,4294967295,0,0
JH_SolidWall,32,112,00182554,0,1,1,4294967295,0,0
JH_Ground,128,-36,00214CAF,0,1,1,4294967295,0,0
JH_Ground,384,-36,0028E739,0,1,1,4294967295,0,0
JH_Ground,640,-36,00025C1E,0,1,1,4294967295,0,0
JH_Ground,896,-36,000E38A8,0,1,1,4294967295,0,0
JH_Ground,1152,-36,00401056,0,1,1,4294967295,0,0
JH_Ground,1408,-36,00058544,0,1,1,4294967295,0,0
JH_Ground,1664,-36,0025A8FC,0,1,1,4294967295,0,0
JH_Ground,1920,-36,00246ED5,0,1,1,4294967295,0,0
JH_Ground,2176,-36,000C02EA,0,1,1,4294967295,0,0
JH_Ground,2432,-36,002AFE43,0,1,1,4294967295,0,0
JH_Ground,2672,-36,00107DA1,0,1,1,4294967295,0,0
JH_SolidGravityWall,3776,576,002BE598,0,1,1,4294967295,0,0
JH_SolidGravityWall,3776,272,0020074C,0,1,1,4294967295,0,0
JH_Ground,816,1424,001DE33C,0,1,1,4294967295,0,0
JH_Ground,1040,1488,0016F949,0,1,1,4294967295,0,0
JH_Ground,1280,1552,001A84C7,0,1,1,4294967295,0,0
JH_Ground,1536,1552,00194AB8,0,1,1,4294967295,0,0
JH_Ground,1792,1552,0031E6C6,0,1,1,4294967295,0,0
JH_Ground,2048,1504,0006093B,0,1,1,4294967295,0,0
JH_Ground,2304,1456,000089A5,0,1,1,4294967295,0,0
JH_Ground,2560,1456,0000CAF8,0,1,1,4294967295,0,0
JH_SolidWall,2704,1392,001C0407,0,1,1,4294967295,0,0
JH_Ground,2848,1296,00031D41,0,1,1,4294967295,0,0
JH_Ground,3104,1296,000E3439,0,1,1,4294967295,0,0
JH_Ground,583,1739,00034909,0,1,1,4294967295,0,0
JH_SolidWall,3200,1200,0019163B,0,1,1,4294967295,0,0
JH_Ground,5856,1264,000218B5,0,1,1,4294967295,0,0
JH_SolidWall,5952,1168,000FEB3D,0,1,1,4294967295,0,0
JH_SolidWall,6016,1040,003CA15F,0,1,1,4294967295,0,0
JH_SolidWall,6080,896,0032E73C,0,1,1,4294967295,0,0
JH_Ground,6176,800,001F1193,0,1,1,4294967295,0,0
JH_Ground,6688,800,0019C26E,0,1,1,4294967295,0,0
JH_Ground,7200,800,00290FBA,0,1,1,4294967295,0,0
JH_SolidWall,7376,550,00055CE7,0,1,1,4294967295,0,0
JH_SolidWall,7440,416,00350612,0,1,1,4294967295,0,0
JH_SolidWall,7504,384,0026E5CF,0,1,1,4294967295,0,0
JH_SolidWall,7008,256,00220AE4,0,1,1,4294967295,0,0
JH_Ground,6848,224,003418C7,0,1,1,4294967295,0,0
JH_Ground,6672,224,001E1F4A,0,1,1,4294967295,0,0
JH_Ground,6944,800,00056A2B,0,1,1,4294967295,0,0
JH_SolidGravityWall,6432,592,001457BD,0,1,1,4294967295,0,1
JH_FakeGround,6432,800,00095FCE,0,1,1,4294967295,0,0
JH_Ground,7600,272,0017EBFB,0,1,1,4294967295,0,0
JH_Ground,7840,272,00363DD5,0,1,1,4294967295,0,0
JH_Ground,8096,272,0037A906,0,1,1,4294967295,0,0
JH_SolidWall,8192,368,001727F4,0,1,1,4294967295,0,0
JH_SolidWall,8384,576,00153959,0,1,1,4294967295,0,0
JH_SolidWall,8384,832,003443EE,0,1,1,4294967295,0,0
JH_SolidWall,8640,832,0016ADDB,0,1,1,4294967295,0,0
JH_Ground,8480,992,002E82A1,0,1,1,4294967295,0,0
JH_Ground,8736,992,001AE58C,0,1,1,4294967295,0,0
JH_Ground,8992,992,00305A9D,0,1,1,4294967295,0,0
JH_SolidWall,9536,656,000F311B,0,1,1,4294967295,0,0
JH_SolidWall,9600,544,0024B77E,0,1,1,4294967295,0,0
JH_SolidWall,9664,448,0010E651,0,1,1,4294967295,0,0
JH_Ground,9760,352,001265B7,0,1,1,4294967295,0,0
JH_Ground,10000,352,0037A15C,0,1,1,4294967295,0,0
JH_Ground,10512,352,00216AA1,0,1,1,4294967295,0,0
JH_SolidWall,11184,448,00039CD0,0,1,1,4294967295,0,0
JH_Ground,11280,544,002B4C3B,0,1,1,4294967295,0,0
JH_SolidWall,11424,640,0030F07E,0,1,1,4294967295,0,0
JH_Ground,11536,736,00044F72,0,1,1,4294967295,0,0
JH_Ground,11792,736,001FABFD,0,1,1,4294967295,0,0
JH_Ground,12048,736,000AF2FB,0,1,1,4294967295,0,0
JH_Ground,12304,736,003827C7,0,1,1,4294967295,0,0
JH_Ground,12544,736,0003C899,0,1,1,4294967295,0,0
JH_Ground,12800,736,0002E04D,0,1,1,4294967295,0,0
JH_SolidWall,12944,704,00064693,0,1,1,4294967295,0,0
JH_SolidWall,13008,592,0016EC1B,0,1,1,4294967295,0,0
JH_SolidWall,13072,480,0030DCA0,0,1,1,4294967295,0,0
JH_Ground,13232,384,001025DE,0,1,1,4294967295,0,0
JH_Ground,13488,384,003E8D16,0,1,1,4294967295,0,0
JH_Ground,13744,384,002AA67A,0,1,1,4294967295,0,0
JH_Ground,14256,384,0020E4B7,0,1,1,4294967295,0,0
JH_SolidWall,14416,288,003C7D07,0,1,1,4294967295,0,0
JH_SolidWall,14416,32,00143FA3,0,1,1,4294967295,0,0
JH_FakeGround,14000,384,000049B8,0,1,1,4294967295,0,1
JH_SolidWall,14352,336,000D6CB8,0,1,1,4294967295,0,0
JH_SolidGravityWall,14032,128,00242CFD,0,1,1,4294967295,0,0
JH_Ground,14000,720,003EE6FE,0,1,1,4294967295,0,0
JH_Ground,14256,720,001DF3D9,0,1,1,4294967295,0,0
JH_Ground,13744,720,00057BA6,0,1,1,4294967295,0,0
JH_Ground,13488,720,0002C364,0,1,1,4294967295,0,0
JH_FakeGround,14512,720,00089C72,0,1,1,4294967295,0,1
JH_SolidWall,13072,720,0015BB0E,0,1,1,4294967295,0,0
JH_SolidWall,13008,848,00228DBC,0,1,1,4294967295,0,0
JH_SolidWall,13072,976,00364421,0,1,1,4294967295,0,0
JH_SolidWall,13072,1232,000FC3DC,0,1,1,4294967295,0,0
JH_SolidWall,14672,688,001CB69D,0,1,1,4294967295,0,0
JH_SolidWall,14672,880,003E90E3,0,1,1,4294967295,0,0
JH_SolidWall,13392,880,00095AD6,0,1,1,4294967295,0,0
JH_SolidWall,13072,1488,002A67B5,0,1,1,4294967295,0,0
JH_SolidWall,13392,1120,00228EB1,0,1,1,4294967295,0,0
JH_SolidWall,13392,1376,003B1316,0,1,1,4294967295,0,0
JH_Ground,13104,944,00145D11,0,1,1,4294967295,0,0
JH_Ground,13392,1216,002ADB66,0,1,1,4294967295,0,0
JH_Ground,13072,1584,000093D7,0,1,1,4294967295,0,0
JH_Ground,13232,1776,0037EE5A,0,1,1,4294967295,0,0
JH_Ground,12976,1776,0006FDBF,0,1,1,4294967295,0,0
JH_Ground,12720,1776,0008C000,0,1,1,4294967295,0,0
JH_Ground,12464,1776,0022AE6A,0,1,1,4294967295,0,0
JH_Ground,12208,1776,0027CFE2,0,1,1,4294967295,0,0
JH_Ground,11952,1776,000ED808,0,1,1,4294967295,0,0
JH_Ground,11696,1776,00061492,0,1,1,4294967295,0,0
JH_Ground,12816,1584,001A4A6C,0,1,1,4294967295,0,0
JH_Ground,12576,1584,0002FFB1,0,1,1,4294967295,0,0
JH_Ground,12320,1584,000F5B2A,0,1,1,4294967295,0,0
JH_Ground,12064,1584,0036A6BB,0,1,1,4294967295,0,0
JH_Ground,11696,1584,0023DCEB,0,1,1,4294967295,0,0
JH_Ground,11872,1584,0026EA28,0,1,1,4294967295,0,0
JH_SolidWall,11600,1680,003A0F50,0,1,1,4294967295,0,0
JH_SolidWall,13392,1632,0021B061,0,1,1,4294967295,0,0
JH_SolidWall,13392,1888,002BEF27,0,1,1,4294967295,0,0
JH_Ground,14512,1456,003F9860,0,1,1,4294967295,0,0
JH_Ground,14768,1456,001EF54B,0,1,1,4294967295,0,0
JH_Ground,15024,1456,00065898,0,1,1,4294967295,0,0
JH_Ground,15280,1456,003B09E5,0,1,1,4294967295,0,0
JH_Ground,15536,1456,002DEFF9,0,1,1,4294967295,0,0
JH_Ground,15792,1456,002464CB,0,1,1,4294967295,0,0
JH_Ground,16048,1456,0015FE26,0,1,1,4294967295,0,0
JH_Ground,16304,1456,003934FE,0,1,1,4294967295,0,0
JH_Ground,16560,1456,0026A498,0,1,1,4294967295,0,0
JH_Ground,16816,1456,001B81E7,0,1,1,4294967295,0,0
JH_Ground,16976,1392,000DFC81,0,1,1,4294967295,0,0
JH_Ground,17152,1328,000D2D29,0,1,1,4294967295,0,0
JH_Ground,17328,1264,0018EBF3,0,1,1,4294967295,0,0
JH_Ground,17584,1264,0001F02A,0,1,1,4294967295,0,0
JH_Ground,17840,1264,0028FFED,0,1,1,4294967295,0,0
JH_Ground,18096,1264,002A6559,0,1,1,4294967295,0,0
JH_Ground,18352,1264,003E0CEA,0,1,1,4294967295,0,0
JH_Ground,18512,1264,00088503,0,1,1,4294967295,0,0
JH_SolidWall,17568,1312,002B4CB5,0,1,1,4294967295,0,0
JH_SolidWall,17744,1232,002E2E03,0,1,1,4294967295,0,0
JH_SolidWall,17952,1168,003DE9C5,0,1,1,4294967295,0,0
JH_Ground,18256,912,000A29E2,0,1,1,4294967295,0,0
JH_Ground,18512,912,0024FEC7,0,1,1,4294967295,0,0
JH_SolidWall,14096,1360,0003FE12,0,1,1,4294967295,0,0
JH_SolidWall,14096,1120,002B2871,0,1,1,4294967295,0,0
JH_SolidWall,14096,880,002FDE19,0,1,1,4294967295,0,0
JH_SolidGravityWall,14320,880,000E1138,0,1,1,4294967295,0,1
JH_Ground,14528,928,000FF553,0,1,1,4294967295,0,0
JH_FakeGround,14256,1456,00226584,0,1,1,4294967295,0,1
JH_SolidGravityWall,14528,496,0009D061,0,1,1,4294967295,0,0
JH_Ground,14528,336,00356112,0,1,1,4294967295,0,0
JH_SolidWall,14736,480,003265E5,0,1,1,4294967295,0,0
JH_SolidWall,14736,224,002D42FC,0,1,1,4294967295,0,0
JH_SolidWall,14672,240,003D2924,0,1,1,4294967295,0,0
JH_SolidWall,14672,0,0006E666,0,1,1,4294967295,0,0
JH_SolidWall,6272,960,000A1117,0,1,1,4294967295,0,0
JH_SolidWall,6592,960,0017F7E8,0,1,1,4294967295,0,0
JH_SolidWall,6272,1216,002A2642,0,1,1,4294967295,0,0
JH_SolidWall,6592,1216,00058F6F,0,1,1,4294967295,0,0
JH_SolidWall,6272,1456,0027C176,0,1,1,4294967295,0,0
JH_SolidWall,5856,1392,00397EA6,0,1,1,4294967295,0,0
JH_SolidWall,5856,1648,000F0804,0,1,1,4294967295,0,0
JH_SolidWall,5856,1904,00181241,0,1,1,4294967295,0,0
JH_SolidWall,6592,1436,0031CA64,0,1,1,4294967295,0,0
JH_Ground,6752,1456,003A1648,0,1,1,4294967295,0,0
JH_Ground,14192,1728,002A74F3,0,1,1,4294967295,0,0
JH_Ground,14448,1728,00266361,0,1,1,4294967295,0,0
JH_SolidWall,14608,1616,00113AFC,0,1,1,4294967295,0,0
JH_SolidWall,14608,1856,003BFC7D,0,1,1,4294967295,0,0
JH_SolidWall,14096,1600,003C16CA,0,1,1,4294967295,0,0
JH_Ground,17072,1456,000B7CED,0,1,1,4294967295,0,0
JH_Ground,17216,1392,000728D9,0,1,1,4294967295,0,0
JH_Ground,7424,800,00108A4C,0,1,1,4294967295,0,0
JH_Ground,7520,672,000F3002,0,1,1,4294967295,0,0
JH_Ground,7584,544,0033F677,0,1,1,4294967295,0,0
JH_Ground,7520,608,001D9373,0,1,1,4294967295,0,0
JH_SolidWall,8544,688,003CE5D3,0,1,1,4294967295,0,0
JH_Ground,8640,544,000905A7,0,1,1,4294967295,0,0
JH_SolidWall,6592,816,000D3D0E,0,1,1,4294967295,0,0
JH_SolidWall,6272,816,003849FD,0,1,1,4294967295,0,0
JH_SolidWall,14416,1424,001807BF,0,1,1,4294967295,0,0
JH_Ground,14512,1296,000433F2,0,1,1,4294967295,0,0
JH_Ground,6144,800,0002D22F,0,1,1,4294967295,0,0
JH_Ground,6688,656,001811E6,0,1,1,4294967295,0,0
JH_Ground,11456,544,00290E7E,0,1,1,4294967295,0,0
JH_Ground,13136,336,0017F786,0,1,1,4294967295,0,0
JH_Ground,10768,352,0008C22C,0,1,1,4294967295,0,0
JH_Ground,11024,352,00340C4D,0,1,1,4294967295,0,0
JH_SolidWall,1088,608,002B46C4,0,1,1,4294967295,0,0
JH_Ground,880,1952,0032F798,0,1,1,4294967295,0,0
JH_Ground,1136,1904,00104D4A,0,1,1,4294967295,0,0
JH_Ground,1392,1952,0018A7E2,0,1,1,4294967295,0,0
JH_Ground,1920,1904,003F4ECD,0,1,1,4294967295,0,0
JH_Ground,1776,1904,0006396C,0,1,1,4294967295,0,0
JH_Ground,5408,880,000B2258,0,1,1,4294967295,0,0
JH_SolidWall,5568,784,00159365,0,1,1,4294967295,0,0
JH_Ground,5664,688,001283E3,0,1,1,4294967295,0,0
JH_Ground,5776,624,000C20AD,0,1,1,4294967295,0,0
JH_SolidWall,6432,336,0034F7C5,0,1,1,4294967295,0,0
JH_SolidWall,6432,80,0006C5DA,0,1,1,4294967295,0,0
JH_SolidWall,10096,512,002057AD,0,1,1,4294967295,0,0
JH_SolidWall,10416,512,0002676C,0,1,1,4294967295,0,0
JH_Ground,10192,672,0028DCE6,0,1,1,4294967295,0,0
JH_Ground,10320,672,002115B0,0,1,1,4294967295,0,0
JH_Ground,6176,1808,00372863,0,1,1,4294967295,0,0
JH_Ground,6688,1696,0007D7CB,0,1,1,4294967295,0,0
JH_SolidWall,6592,1814,001D011F,0,1,1,4294967295,0,0
JH_SolidWall,6592,2062,003164B9,0,1,1,4294967295,0,0
JH_SolidWall,6272,1968,0004ECA4,0,1,1,4294967295,0,0
JH_Ground,6432,2018,0013FEF9,0,1,1,4294967295,0,0
JH_SolidWall,8224,1088,002759F4,0,1,1,4294967295,0,0
JH_SolidWall,8224,1594,001478CE,0,1,1,4294967295,0,0
JH_SolidWall,8224,1342,003915CA,0,1,1,4294967295,0,0
JH_Ground,8064,994,00166B09,0,1,1,4294967295,0,0
JH_Ground,7808,994,0004EAC9,0,1,1,4294967295,0,0
JH_Ground,7552,1038,00393006,0,1,1,4294967295,0,0
JH_Ground,7296,1100,0016089E,0,1,1,4294967295,0,0
JH_Ground,7040,1162,0017BAD4,0,1,1,4294967295,0,0
JH_Ground,8320,992,002B8D32,0,1,1,4294967295,0,0
JH_Ground,7680,800,000DB27F,0,1,1,4294967295,0,0
JH_Ground,7936,800,002AE690,0,1,1,4294967295,0,0
JH_SolidWall,7680,644,000720A8,0,1,1,4294967295,0,0
JH_Ground,6928,604,0038D8A6,0,1,1,4294967295,0,0
JH_Ground,7424,558,001103F3,0,1,1,4294967295,0,0
JH_Ground,7184,604,002972BC,0,1,1,4294967295,0,0
JH_SolidWall,7504,322,003070F0,0,1,1,4294967295,0,0
JH_SolidWall,7808,304,002B36A8,0,1,1,4294967295,0,0
JH_SolidWall,8160,1016,000391DD,0,1,1,4294967295,0,0
JH_Ground,388,1613,00306151,0,1,1,4294967295,0,0
JH_SolidWall,6336,2016,002343FC,0,1,1,4294967295,0,0
JH_SolidWall,14288,336,0017569F,0,1,1,4294967295,0,0
JH_SolidWall,14224,336,0011630B,0,1,1,4294967295,0,0
JH_Ground,13232,720,00230AD9,0,1,1,4294967295,0,1
JH_Spikes,8496,944,002AC41B,0,1,1,4294967295,0,0
JH_Spikes,8672,944,0022FF15,0,1,1,4294967295,0,0
JH_Spikes,8848,944,00137600,0,1,1,4294967295,0,0
JH_Spikes,14544,1680,0000CCAD,0,1,1,4294967295,0,0
JH_Spikes,14368,1680,003B76CB,0,1,1,4294967295,0,0
JH_Spikes,14192,1680,001B7EF6,0,1,1,4294967295,0,0
JH_Spikes,832,1904,001EE396,0,1,1,4294967295,0,0
JH_Spikes,928,1904,0039F6AD,0,1,1,4294967295,0,0
JH_Spikes,1344,1904,00162EB2,0,1,1,4294967295,0,0
JH_Spikes,1440,1904,0010510F,0,1,1,4294967295,0,0
JH_Spikes,10160,624,00224407,0,1,1,4294967295,0,0
JH_Spikes,10336,624,000F1989,0,1,1,4294967295,0,0
JH_SpringLeftAngle,6544,1440,002AA351,0,1,1,4294967295,0,0
JH_SpringRightAngle,6304,1158,0026F1C3,0,1,1,4294967295,0,0
JH_Spring,6560,1028,002619C2,0,1,1,4294967295,0,0
JH_SpringRightAngle,6288,1758,002090D8,0,1,1,4294967295,0,0
JH_Spikes,6528,1970,001128C6,0,1,1,4294967295,0,0
JH_Spikes,6352,1970,002F7E53,0,1,1,4294967295,0,0
JH_Spring,8176,1650,001202DB,0,1,1,4294967295,0,0
JH_SpringLeftAngle,8176,1390,00132128,0,1,1,4294967295,0,0
JH_Spring,6640,1410,000C992A,0,1,1,4294967295,0,0
JH_SpringRightAngle,6624,1190,0012561C,0,1,1,4294967295,0,0
JH_Spikes,7552,1408,002B08E2,0,1,1,4294967295,0,0
JH_Spikes,6912,1408,0012760D,0,1,1,4294967295,0,0
JH_Spikes,7600,992,000940DE,0,1,1,4294967295,0,0
JH_Spikes,8272,946,003CCAD0,0,1,1,4294967295,0,0
JH_SpringLeftAngle,8336,872,000B8D65,0,1,1,4294967295,0,0
JH_Spring,7728,754,0039D864,0,1,1,4294967295,0,0
JH_Spring,7648,498,00285518,0,1,1,4294967295,0,0
JH_Spikes,13952,672,00019809,0,1,1,4294967295,0,1
JH_Spikes,14048,671,002C6358,0,1,1,4294967295,0,1
JH_Spikes,1021,1439,00047D13,0,1,1,4294967295,0,0
JH_SpringRightAngle,8418,832,002FFE4F,0,1,1,4294967295,0,0
JH_SpringLeftAngle,8502,608,003B2A47,0,1,1,4294967295,0,0
JH_SpringLeftAngle,10369,480,001B8412,0,1,1,4294967295,0,0
JH_SpringRightAngle,14128,1584,00372617,0,1,1,4294967295,0,0
JH_Spring,14384,1472,000D644C,0,1,1,4294967295,0,0
JH_Spikes,6896,1648,003B9B91,0,1,1,4294967295,0,0
JH_Spikes,7328,1648,001AE0F2,0,1,1,4294967295,0,0
JH_Spikes,7824,1648,003A3D81,0,1,1,4294967295,0,0
JH_Spikes,9424,656,00224FB5,0,1,1,4294967295,0,0
JH_Spikes,12288,688,003DE3B1,0,1,1,4294967295,0,0
JH_Spikes,15424,1408,00239C72,0,1,1,4294967295,0,0
JH_Spikes,16128,1408,003DD7A1,0,1,1,4294967295,0,0
JH_Spikes,17648,1216,00280717,0,1,1,4294967295,0,0
JH_Spikes,17856,1216,0004D584,0,1,1,4294967295,0,0
JH_Spikes,1568,1504,0024F353,0,1,1,4294967295,0,0
JH_HyperChecker3,160,272,003DC90D,0,1,1,4294967295,0,0
JH_HyperChecker3,160,0,0006297C,0,1,1,4294967295,0,0
JH_BadEscape,11824,1680,00363914,0,1,1,4294967295,0,0
JH_BadEscape,18368,1104,00204EED,0,1,1,4294967295,0,0
JH_GoodEscape,18368,704,00198042,0,1,1,4294967295,0,0
JH_GoodEscape,18368,352,0005A241,0,1,1,4294967295,0,0
JH_GoodEscape,18368,32,0001D460,0,1,1,4294967295,0,0
JH_KnucklesBorder,10400,288,0015720C,0,1,1,4294967295,0,0
JH_KnucklesBorder,10112,288,003E1248,0,1,1,4294967295,0,0
JH_KnucklesBorder,8400,400,001A68D7,0,1,1,4294967295,0,0
JH_KnucklesBorder,8400,304,00055B8E,0,1,1,4294967295,0,0
JH_KnucklesBorder,8400,208,00020B7F,0,1,1,4294967295,0,0
Ring,872,1368,002E769B,0,1,1,4294967295,0,0
Ring,840,1368,00110E8C,0,1,1,4294967295,0,0
Ring,808,1368,0018C34D,0,1,1,4294967295,0,0
Ring,1456,1488,0007C383,0,1,1,4294967295,0,0
Ring,1696,1488,000EAEE2,0,1,1,4294967295,0,0
Ring,544,1808,003AA949,0,1,1,4294967295,0,0
Ring,544,1840,0012F32F,0,1,1,4294967295,0,0
Ring,1568,1840,001B143F,0,1,1,4294967295,0,0
Ring,1120,1840,001B2D96,0,1,1,4294967295,0,0
Ring,5328,832,003F7E82,0,1,1,4294967295,0,0
Ring,5376,832,001A062B,0,1,1,4294967295,0,0
Ring,5424,832,002EFD88,0,1,1,4294967295,0,0
Ring,5168,1280,000DB804,0,1,1,4294967295,0,0
Ring,5216,1280,0017E3C6,0,1,1,4294967295,0,0
Ring,5264,1280,0025B58C,0,1,1,4294967295,0,0
Ring,6592,608,001FC022,0,1,1,4294967295,0,0
Ring,6768,608,00008294,0,1,1,4294967295,0,0
Ring,5904,1760,003304FC,0,1,1,4294967295,0,0
Ring,5936,1760,002C9265,0,1,1,4294967295,0,0
Ring,5968,1760,00308CF1,0,1,1,4294967295,0,0
Ring,7648,416,002B9583,0,1,1,4294967295,0,0
Ring,7648,352,0025D77E,0,1,1,4294967295,0,0
Ring,7648,384,0001F690,0,1,1,4294967295,0,0
Ring,6496,96,003D11B4,0,1,1,4294967295,0,0
Ring,6496,128,002C3E0C,0,1,1,4294967295,0,0
Ring,6496,160,0011E53E,0,1,1,4294967295,0,0
Ring,8592,496,003D2D80,0,1,1,4294967295,0,0
Ring,8688,496,0014A1B6,0,1,1,4294967295,0,0
Ring,9600,400,00181020,0,1,1,4294967295,0,0
Ring,9536,512,0039DFF9,0,1,1,4294967295,0,0
Ring,10080,304,000C3DD0,0,1,1,4294967295,0,0
Ring,10080,272,0000DEF9,0,1,1,4294967295,0,0
Ring,10432,304,0026E576,0,1,1,4294967295,0,0
Ring,10432,272,00106F37,0,1,1,4294967295,0,0
Ring,11264,496,0032873B,0,1,1,4294967295,0,0
Ring,11344,496,00094B0F,0,1,1,4294967295,0,0
Ring,11440,496,00141B83,0,1,1,4294967295,0,0
Ring,11536,496,001FFB4F,0,1,1,4294967295,0,0
Ring,13088,288,002DEA88,0,1,1,4294967295,0,0
Ring,13184,288,00192454,0,1,1,4294967295,0,0
Ring,14376,896,00283ABA,0,1,1,4294967295,0,0
Ring,14376,928,002F1600,0,1,1,4294967295,0,0
Ring,14376,960,0025581D,0,1,1,4294967295,0,0
Ring,14616,1248,0039A9EC,0,1,1,4294967295,0,0
Ring,17392,1216,0025D2B4,0,1,1,4294967295,0,0
JH_KnucklesBorder,6808,528,0023C2E8,0,1,1,4294967295,0,0
JH_HideWall1,4324,912,003F8A32,0,1,1,4294967295,0,0
JH_HideWall1,4996,1168,0022F2C6,0,1,1,4294967295,0,0
JH_HideWall1,5492,1168,002D170A,0,1,1,4294967295,0,0
JH_HideWall1,4592,896,002CC096,0,1,1,4294967295,0,0
JH_HideWall1,4036,896,001BF531,0,1,1,4294967295,0,0
JH_HideWall1,8640,544,0038AA7F,0,1,1,4294967295,0,0
JH_HideWall1,8640,288,003173F5,0,1,1,4294967295,0,0
JH_HideWall1,8640,32,000BA8AC,0,1,1,4294967295,0,0
JH_HideWall1,4832,896,0036EBE8,0,1,1,4294967295,0,0
JH_HideWall1,11920,576,00116041,0,1,1,4294967295,0,0
JH_HideWall1,12640,576,00328CDC,0,1,1,4294967295,0,0
JH_HideWall1,14672,1296,002DE43B,0,1,1,4294967295,0,0
JH_HideWall1,15264,1296,000A2FD7,0,1,1,4294967295,0,1
JH_HideWall1,15952,1296,00018249,0,1,1,4294967295,0,0
JH_HideWall1,16592,1296,003684F7,0,1,1,4294967295,0,0
JH_HideWall1,17120,1168,000A6443,0,1,1,4294967295,0,0
JH_HideWall1,14208,560,0018F093,0,1,1,4294967295,0,0
JH_HideWall1,13664,576,0026E038,0,1,1,4294967295,0,0
JH_HideWall1,12864,1680,0014A2C9,0,1,1,4294967295,0,0
JH_HideWall1,12240,1680,00162AED,0,1,1,4294967295,0,0
JH_HideWall1,13648,240,001581D2,0,1,1,4294967295,0,0
JH_HideWall1,6176,640,000B25CC,0,1,1,4294967295,0,0
JH_HideWall1,7648,112,00308FF8,0,1,1,4294967295,0,0
JH_HideWall1,8096,112,0022A4C3,0,1,1,4294967295,0,0
JH_HideWall1,9248,544,002FA742,0,1,1,4294967295,0,0
JH_HideWall1,9920,192,000193DE,0,1,1,4294967295,0,0
JH_HideWall1,10784,192,0011C628,0,1,1,4294967295,0,0
JH_HideWall1,13280,1616,001772E1,0,1,1,4294967295,0,0
JH_HideWall1,14672,1056,001C66BB,0,1,1,4294967295,0,0
JH_HideWall1,5600,528,002E6E35,0,1,1,4294967295,0,0
JH_HideWall1,6672,498,001C093B,0,1,1,4294967295,0,0
JH_HideWall1,7040,446,003F8BFE,0,1,1,4294967295,0,0
Mask_Out_Up,7648,274,00030791,0,1,1,4294967295,0,0
Vertical_Solid_Line,96,0,003E7DA4,0,1,1,4294967295,0,0
Vertical_Solid_Line,208,0,0030FF88,0,1,1,4294967295,0,0
Vertical_Solid_Line,320,0,0033A1CD,0,1,1,4294967295,0,0
Vertical_Solid_Line,432,0,000290F7,0,1,1,4294967295,0,0
Vertical_Solid_Line,544,0,00220391,0,1,1,4294967295,0,0
Vertical_Solid_Line,656,0,001F5CD3,0,1,1,4294967295,0,0
Vertical_Solid_Line,768,0,0000D4AF,0,1,1,4294967295,0,0
Vertical_Solid_Line,880,0,0018C513,0,1,1,4294967295,0,0
Vertical_Solid_Line,992,0,002C5028,0,1,1,4294967295,0,0
Vertical_Solid_Line,1088,0,000C9732,0,1,1,4294967295,0,0
Vertical_Solid_Line,1200,0,0032FA1F,0,1,1,4294967295,0,0
Vertical_Solid_Line,1312,0,00012338,0,1,1,4294967295,0,0
Vertical_Solid_Line,2880,0,000A5D64,0,1,1,4294967295,0,0
Vertical_Solid_Line,2976,0,00174DAB,0,1,1,4294967295,0,0
Vertical_Solid_Line,3088,0,003CE104,0,1,1,4294967295,0,0
Vertical_Solid_Line,3184,0,00343BA0,0,1,1,4294967295,0,0
Vertical_Solid_Line,3296,0,00175DDD,0,1,1,4294967295,0,0
Vertical_Solid_Line,3392,0,00024866,0,1,1,4294967295,0,0
Vertical_Solid_Line,3488,0,000EF224,0,1,1,4294967295,0,0
Vertical_Solid_Line,3568,0,003A1759,0,1,1,4294967295,0,0
Vertical_Solid_Line,3680,0,001CBAE7,0,1,1,4294967295,0,0
Vertical_Solid_Line,3792,0,000853F6,0,1,1,4294967295,0,0
Vertical_Solid_Line,3904,0,0031F90B,0,1,1,4294967295,0,0
Vertical_Solid_Line,4016,0,001D2CF5,0,1,1,4294967295,0,0
Vertical_Solid_Line,4128,0,0025B38D,0,1,1,4294967295,0,0
Vertical_Solid_Line,4240,0,0004D011,0,1,1,4294967295,0,0
Vertical_Solid_Line,4352,0,0010B610,0,1,1,4294967295,0,0
Vertical_Solid_Line,4448,0,000F6211,0,1,1,4294967295,0,0
Vertical_Solid_Line,4544,0,0015EA02,0,1,1,4294967295,0,0
Vertical_Solid_Line,4656,0,00339493,0,1,1,4294967295,0,0
Vertical_Solid_Line,4752,0,0031A4C9,0,1,1,4294967295,0,0
Vertical_Solid_Line,4864,0,002A3B28,0,1,1,4294967295,0,0
Vertical_Solid_Line,4976,0,0008203E,0,1,1,4294967295,0,0
Vertical_Solid_Line,5088,0,001351F5,0,1,1,4294967295,0,0
Vertical_Solid_Line,5856,0,0022C57F,0,1,1,4294967295,0,0
Vertical_Solid_Line,5952,0,0000E7F9,0,1,1,4294967295,0,0
Vertical_Solid_Line,6064,0,00068B17,0,1,1,4294967295,0,0
Vertical_Solid_Line,6176,0,000E9A51,0,1,1,4294967295,0,0
Vertical_Solid_Line,6288,0,003B7DE4,0,1,1,4294967295,0,0
Vertical_Solid_Line,6400,0,000D71C2,0,1,1,4294967295,0,0
Vertical_Solid_Line,6496,0,0000B9FB,0,1,1,4294967295,0,0
Vertical_Solid_Line,6608,0,00140F15,0,1,1,4294967295,0,0
Vertical_Solid_Line,6720,0,0017A24D,0,1,1,4294967295,0,0
Vertical_Solid_Line,6832,0,000A8B72,0,1,1,4294967295,0,0
Vertical_Solid_Line,6944,0,00324C7B,0,1,1,4294967295,0,0
Vertical_Solid_Line,7056,0,00224C15,0,1,1,4294967295,0,0
Vertical_Solid_Line,7152,0,000DA1FA,0,1,1,4294967295,0,0
Vertical_Solid_Line,7248,0,0027A031,0,1,1,4294967295,0,0
Vertical_Solid_Line,7360,0,003B8332,0,1,1,4294967295,0,0
Vertical_Solid_Line,7472,0,00138C1F,0,1,1,4294967295,0,0
Vertical_Solid_Line,7568,0,0024B9A8,0,1,1,4294967295,0,0
Vertical_Solid_Line,7680,0,00087C84,0,1,1,4294967295,0,0
Vertical_Solid_Line,7792,0,00021D8B,0,1,1,4294967295,0,0
Vertical_Solid_Line,7904,0,00099057,0,1,1,4294967295,0,0
Vertical_Solid_Line,8016,0,002A3647,0,1,1,4294967295,0,0
Vertical_Solid_Line,8128,0,001CA42E,0,1,1,4294967295,0,0
Vertical_Solid_Line,8240,0,003B2673,0,1,1,4294967295,0,0
Vertical_Solid_Line,8352,0,002750CC,0,1,1,4294967295,0,0
Vertical_Solid_Line,8464,0,000FD940,0,1,1,4294967295,0,0
Vertical_Solid_Line,8576,0,001F8D37,0,1,1,4294967295,0,0
Vertical_Solid_Line,8688,0,000DD476,0,1,1,4294967295,0,0
Vertical_Solid_Line,9248,0,00180490,0,1,1,4294967295,0,0
Vertical_Solid_Line,9360,0,000DC94C,0,1,1,4294967295,0,0
Vertical_Solid_Line,9472,0,002ECD24,0,1,1,4294967295,0,0
Vertical_Solid_Line,9584,0,001BBE6E,0,1,1,4294967295,0,0
Vertical_Solid_Line,9696,0,003487E9,0,1,1,4294967295,0,0
Vertical_Solid_Line,9808,0,00128CDB,0,1,1,4294967295,0,0
Vertical_Solid_Line,9920,0,00286BA9,0,1,1,4294967295,0,0
Vertical_Solid_Line,10032,0,00356F60,0,1,1,4294967295,0,0
Vertical_Solid_Line,10128,0,002180B8,0,1,1,4294967295,0,0
Vertical_Solid_Line,10240,0,001DDA54,0,1,1,4294967295,0,0
Vertical_Solid_Line,10352,0,001B7739,0,1,1,4294967295,0,0
Vertical_Solid_Line,10448,0,0027BE83,0,1,1,4294967295,0,0
Vertical_Solid_Line,10560,0,001B0F58,0,1,1,4294967295,0,0
Vertical_Solid_Line,10672,0,002FC052,0,1,1,4294967295,0,0
Vertical_Solid_Line,10768,0,001FFF5F,0,1,1,4294967295,0,0
Vertical_Solid_Line,10880,0,0010F12A,0,1,1,4294967295,0,0
Vertical_Solid_Line,10976,0,0027B8EE,0,1,1,4294967295,0,0
Vertical_Solid_Line,11088,0,000767E2,0,1,1,4294967295,0,0
Vertical_Solid_Line,11200,0,003E3000,0,1,1,4294967295,0,0
Vertical_Solid_Line,11312,0,0000625A,0,1,1,4294967295,0,0
Vertical_Solid_Line,11440,0,0004B069,0,1,1,4294967295,0,0
Vertical_Solid_Line,11552,0,003E2B35,0,1,1,4294967295,0,0
Vertical_Solid_Line,11648,0,001B3BAE,0,1,1,4294967295,0,0
Vertical_Solid_Line,11760,0,00352BA3,0,1,1,4294967295,0,0
Vertical_Solid_Line,11856,0,002AE8AC,0,1,1,4294967295,0,0
Vertical_Solid_Line,11968,0,0014CCFD,0,1,1,4294967295,0,0
Vertical_Solid_Line,12704,0,003512C4,0,1,1,4294967295,0,0
Vertical_Solid_Line,12816,0,001CB912,0,1,1,4294967295,0,0
Vertical_Solid_Line,12928,0,0017A97D,0,1,1,4294967295,0,0
Vertical_Solid_Line,13040,0,0026F6A1,0,1,1,4294967295,0,0
Vertical_Solid_Line,13152,0,003EF6A2,0,1,1,4294967295,0,0
Vertical_Solid_Line,13264,0,0008B48B,0,1,1,4294967295,0,0
Vertical_Solid_Line,13376,0,001EA653,0,1,1,4294967295,0,0
Vertical_Solid_Line,13488,0,00350BCA,0,1,1,4294967295,0,0
Vertical_Solid_Line,13600,0,000BF630,0,1,1,4294967295,0,0
Vertical_Solid_Line,13712,0,001922E8,0,1,1,4294967295,0,0
Vertical_Solid_Line,13824,0,000D183C,0,1,1,4294967295,0,0
Vertical_Solid_Line,13936,0,001855B5,0,1,1,4294967295,0,0
Vertical_Solid_Line,14048,0,003B3500,0,1,1,4294967295,0,0
Vertical_Solid_Line,14160,0,0031FB58,0,1,1,4294967295,0,0
Vertical_Solid_Line,14272,0,0002DF05,0,1,1,4294967295,0,0
Vertical_Solid_Line,14384,0,0038712C,0,1,1,4294967295,0,0
Vertical_Solid_Line,14496,0,002A3805,0,1,1,4294967295,0,0
Vertical_Solid_Line,14608,0,001E4186,0,1,1,4294967295,0,0
Vertical_Solid_Line,14720,0,002CF2A2,0,1,1,4294967295,0,0
Vertical_Solid_Line,14832,0,002B812A,0,1,1,4294967295,0,0
Vertical_Solid_Line,14944,0,000BE134,0,1,1,4294967295,0,0
Vertical_Solid_Line,15040,0,0013DBA1,0,1,1,4294967295,0,0
Solid_Line,18464,1216,0020FAD8,0,1,1,4294967295,0,0
Solid_Line,18464,1120,00012AFC,0,1,1,4294967295,0,0
Solid_Line,18464,1024,000326D2,0,1,1,4294967295,0,0
Solid_Line,18464,960,00197982,0,1,1,4294967295,0,0
Solid_Line,18464,864,002BA319,0,1,1,4294967295,0,0
Solid_Line,18464,768,003EED2E,0,1,1,4294967295,0,0
Solid_Line,18464,672,003CF752,0,1,1,4294967295,0,0
Solid_Line,18464,576,00239804,0,1,1,4294967295,0,0
Solid_Line,18464,480,002BC2E8,0,1,1,4294967295,0,0
Solid_Line,18464,384,0028601E,0,1,1,4294967295,0,0
Solid_Line,18464,288,000E1420,0,1,1,4294967295,0,0
Solid_Line,18464,192,000AA90F,0,1,1,4294967295,0,0
Solid_Line,18464,96,002E0A7B,0,1,1,4294967295,0,0
Solid_Line,18464,0,0004B980,0,1,1,4294967295,0,0
Solid_Line,2439,384,0030781E,0,1,1,4294967295,0,0
Solid_Line,2439,288,000E28C1,0,1,1,4294967295,0,0
Solid_Line,2439,191,00051DDB,0,1,1,4294967295,0,0
Solid_Line,2439,96,00146E52,0,1,1,4294967295,0,0
Solid_Line,2439,16,003E7F77,0,1,1,4294967295,0,0
