RedBackground,0,0,0007B145,0,1,1,4294967295,0,0
RedBackground,224,304,003EB710,0,1,1,4294967295,0,0
JH_Ground,128,368,002ED045,0,1,1,4294967295,0,0
JH_Ground,384,368,002685A9,0,1,1,4294967295,0,0
JH_Ground,640,368,001DF0E4,0,1,1,4294967295,0,0
JH_SolidWall,304,-32,001DE6FE,0,1,1,4294967295,0,0
JH_SolidGravityWall,624,240,002639BA,0,1,1,4294967295,0,0
JH_Ground,464,176,0009525F,0,1,1,4294967295,0,0
JH_SolidGravityWall,368,-32,0037865C,0,1,1,4294967295,0,0
JH_SolidGravityWall,432,-32,0033BCC5,0,1,1,4294967295,0,0
JH_SolidGravityWall,496,-32,000399ED,0,1,1,4294967295,0,0
JH_SolidGravityWall,560,-32,0015D4BD,0,1,1,4294967295,0,0
SallyCut,16,315,0029485B,0,1,1,4294967295,0,0
