backDC_MarbleWalls,256,384,0,0,64,64,0,1,1,4294967295
backDC_MarbleWalls,320,384,0,0,64,64,0,1,1,4294967295
backDC_MarbleWalls,384,384,0,0,64,64,0,1,1,4294967295
backDC_MarbleWalls,448,384,0,0,64,64,0,1,1,4294967295
backDC_MarbleWalls,192,384,0,0,64,64,0,1,1,4294967295
backDC_MarbleWalls,128,384,0,0,64,64,0,1,1,4294967295
backDC_MarbleWalls,288,176,0,0,64,64,0,1,1,4294967295
backDC_MarbleWalls,352,176,0,0,64,64,0,1,1,4294967295
backDC_MarbleWalls,224,240,0,0,64,64,0,1,1,4294967295
backDC_MarbleWalls,224,304,0,0,64,64,0,1,1,4294967295
backDC_MarbleWalls,224,368,0,0,64,64,0,1,1,4294967295
backDC_MarbleWalls,384,176,0,0,64,64,0,1,1,4294967295
backDC_MarbleWalls,384,240,0,0,64,64,0,1,1,4294967295
backDC_MarbleWalls,384,272,0,0,64,64,0,1,1,4294967295
backDC_MarbleWalls,448,176,0,0,64,64,0,1,1,4294967295
backDC_MarbleWalls,448,240,0,0,64,64,0,1,1,4294967295
backDC_MarbleWalls,448,272,0,0,64,64,0,1,1,4294967295
backDC_MarbleWalls,160,240,0,0,64,64,0,1,1,4294967295
backDC_MarbleWalls,160,304,0,0,64,64,0,1,1,4294967295
backDC_MarbleWalls,160,368,0,0,64,64,0,1,1,4294967295
backDC_MarbleWalls,224,112,0,0,64,64,0,1,1,4294967295
backDC_MarbleWalls,224,176,0,0,64,64,0,1,1,4294967295
