CP_Knuckles3,128,235,003453C5,0,1,1,4294967295,0,0
CP_Tails3,48,48,00237FA3,0,1,1,4294967295,0,0
CP_Ground,96,336,002D0971,0,1,1,4294967295,0,0
CP_Ground,288,336,000F461B,0,1,1,4294967295,0,0
CP_Ground,480,336,002C39C6,0,1,1,4294967295,0,0
CP_Ground,672,336,003E494D,0,1,1,4294967295,0,0
CP_Ground,864,336,0031DCD3,0,1,1,4294967295,0,0
CP_Ground,1056,336,0016C3B1,0,1,1,4294967295,0,0
CP_Ground,1248,336,0039AF1E,0,1,1,4294967295,0,0
CP_Ground,1440,336,0030766E,0,1,1,4294967295,0,0
CP_Ground,1632,336,001A91DF,0,1,1,4294967295,0,0
CP_Ground,1824,336,000E16A0,0,1,1,4294967295,0,0
CP_Ground,2016,336,000AD154,0,1,1,4294967295,0,0
CP_Ground,2208,336,0029741D,0,1,1,4294967295,0,0
CP_Ground,2400,336,0025D379,0,1,1,4294967295,0,0
CP_Ground,2592,336,0038FF73,0,1,1,4294967295,0,0
CP_Ground,2784,336,001ADEC1,0,1,1,4294967295,0,0
CP_Ground,2976,336,000DC838,0,1,1,4294967295,0,0
CP_Ground,3168,336,0036436E,0,1,1,4294967295,0,0
CP_Ground,3360,336,000E6E19,0,1,1,4294967295,0,0
CP_Ground,3552,336,001FDCDA,0,1,1,4294967295,0,0
CP_Ground,3744,336,0000ADDD,0,1,1,4294967295,0,0
CP_Ground,3936,336,000BC963,0,1,1,4294967295,0,0
CP_Ground,4128,336,0013DF0C,0,1,1,4294967295,0,0
CP_Ground,4320,336,00365D83,0,1,1,4294967295,0,0
CP_Ground,4512,336,00140F29,0,1,1,4294967295,0,0
CP_Ground,4704,336,00020637,0,1,1,4294967295,0,0
CP_Ground,4896,336,000B6EB0,0,1,1,4294967295,0,0
CP_Ground,5088,336,003D4EF2,0,1,1,4294967295,0,0
CP_Ground,5280,336,0033104C,0,1,1,4294967295,0,0
CP_Ground,5472,336,0030896E,0,1,1,4294967295,0,0
CP_Ground,5664,336,00170916,0,1,1,4294967295,0,0
CP_Ground,5856,336,002BF28D,0,1,1,4294967295,0,0
CP_Ground,6048,336,002A0B70,0,1,1,4294967295,0,0
CP_Ground,6240,336,001E3ACD,0,1,1,4294967295,0,0
CP_Ground,6432,336,0036942C,0,1,1,4294967295,0,0
CP_Ground,6624,336,0037AE18,0,1,1,4294967295,0,0
CP_Ground,6816,336,003F7E44,0,1,1,4294967295,0,0
CP_Ground,7008,336,000815B3,0,1,1,4294967295,0,0
CP_Ground,7200,336,001E4C4E,0,1,1,4294967295,0,0
CP_Ground,7392,336,00300BD0,0,1,1,4294967295,0,0
CP_Ground,7584,336,001E675F,0,1,1,4294967295,0,0
CP_Ground,7776,336,000613CD,0,1,1,4294967295,0,0
CP_Ground,7968,336,00313696,0,1,1,4294967295,0,0
CP_Ground,8160,336,000A1CD9,0,1,1,4294967295,0,0
CP_Ground,8352,336,0029A3B6,0,1,1,4294967295,0,0
CP_Ground,8544,336,0030C5FF,0,1,1,4294967295,0,0
CP_Ground,8736,336,0036DB84,0,1,1,4294967295,0,0
CP_Ground,8928,336,002097C5,0,1,1,4294967295,0,0
CP_Ground,9120,336,001591F2,0,1,1,4294967295,0,0
CP_Ground,9312,336,0034DA6D,0,1,1,4294967295,0,0
CP_Ground,9504,336,003C3CE6,0,1,1,4294967295,0,0
CP_Ground,9696,336,003EAE27,0,1,1,4294967295,0,0
CP_Ground,9888,336,0000CE8A,0,1,1,4294967295,0,0
CP_Ground,10080,336,00158447,0,1,1,4294967295,0,0
CP_Ground,10272,336,001715B2,0,1,1,4294967295,0,0
CP_Ground,10464,336,001F91CA,0,1,1,4294967295,0,0
CP_Ground,10656,336,000A90F1,0,1,1,4294967295,0,0
CP_Ground,10848,336,002A98B0,0,1,1,4294967295,0,0
CP_Ground,11040,336,00193D19,0,1,1,4294967295,0,0
CP_Ground,11232,336,00183905,0,1,1,4294967295,0,0
CP_Ground,11424,336,003BB4FD,0,1,1,4294967295,0,0
CP_Ground,11616,336,00393BC4,0,1,1,4294967295,0,0
CP_Ground,11808,336,000BEEC2,0,1,1,4294967295,0,0
CP_Ground,12000,336,00307438,0,1,1,4294967295,0,0
CP_Ground,12192,336,0024C09C,0,1,1,4294967295,0,0
CP_Ground,12384,336,0018D78E,0,1,1,4294967295,0,0
CP_Ground,12576,336,00221400,0,1,1,4294967295,0,0
CP_Ground,12768,336,0004F356,0,1,1,4294967295,0,0
CP_Ground,12960,336,002614DF,0,1,1,4294967295,0,0
CP_Ground,13152,336,0021660A,0,1,1,4294967295,0,0
CP_Ground,13344,336,00185512,0,1,1,4294967295,0,0
CP_Ground,13536,336,0019F6A4,0,1,1,4294967295,0,0
CP_Ground,13728,336,00208AEB,0,1,1,4294967295,0,0
CP_Ground,13920,336,0030B888,0,1,1,4294967295,0,0
CP_Ground,14112,336,0011EA6B,0,1,1,4294967295,0,0
CP_Ground,14304,336,00109622,0,1,1,4294967295,0,0
CP_Ground,14496,336,00269C8C,0,1,1,4294967295,0,0
CP_Ground,14688,336,0028F3BB,0,1,1,4294967295,0,0
CP_Ground,14880,336,0009A843,0,1,1,4294967295,0,0
CP_Ground,15072,336,000CA7AE,0,1,1,4294967295,0,0
CP_Ground,15264,336,000D9BAE,0,1,1,4294967295,0,0
CP_Ground,15456,336,0015379A,0,1,1,4294967295,0,0
CP_Ground,15648,336,0004B21E,0,1,1,4294967295,0,0
CP_Ground,15840,336,001C7C36,0,1,1,4294967295,0,0
CP_Ground,16032,336,00146F4A,0,1,1,4294967295,0,0
CP_Ground,16224,336,0033B9A5,0,1,1,4294967295,0,0
CP_Ground,16416,336,0000B1FE,0,1,1,4294967295,0,0
CP_Ground,16608,336,000C24D7,0,1,1,4294967295,0,0
CP_Ground,16800,336,00200C59,0,1,1,4294967295,0,0
CP_Ground,16992,336,00338B49,0,1,1,4294967295,0,0
CP_Ground,17184,336,00292ED8,0,1,1,4294967295,0,0
CP_Ground,17376,336,001BC52E,0,1,1,4294967295,0,0
CP_Ground,17568,336,00238CEE,0,1,1,4294967295,0,0
CP_Ground,17760,336,0007B44E,0,1,1,4294967295,0,0
CP_Ground,17952,336,002DBA34,0,1,1,4294967295,0,0
CP_Ground,18144,336,001D2DE1,0,1,1,4294967295,0,0
CP_Ground,18336,336,001516CC,0,1,1,4294967295,0,0
CP_Ground,18528,336,003C50C5,0,1,1,4294967295,0,0
CP_Ground,18720,336,0026AA41,0,1,1,4294967295,0,0
CP_Ground,18912,336,00133551,0,1,1,4294967295,0,0
CP_Ground,19104,336,00235A1A,0,1,1,4294967295,0,0
CP_Ground,19296,336,000ABB82,0,1,1,4294967295,0,0
CP_Ground,19488,336,0040463C,0,1,1,4294967295,0,0
CP_Ground,19680,336,00377502,0,1,1,4294967295,0,0
CP_Ground,19872,336,002D8CA9,0,1,1,4294967295,0,0
CP_Ground,20064,336,0003658C,0,1,1,4294967295,0,0
CP_Ground,20256,336,00389036,0,1,1,4294967295,0,0
CP_Ground,20448,336,001D19ED,0,1,1,4294967295,0,0
CP_Ground,20640,336,0012A553,0,1,1,4294967295,0,0
CP_Ground,20832,336,002220B7,0,1,1,4294967295,0,0
CP_Ground,21024,336,000C30F2,0,1,1,4294967295,0,0
CP_Ground,21216,336,003B7389,0,1,1,4294967295,0,0
CP_Ground,21408,336,003A278E,0,1,1,4294967295,0,0
CP_Ground,21600,336,00035A06,0,1,1,4294967295,0,0
CP_Ground,21792,336,003BC023,0,1,1,4294967295,0,0
CP_Ground,21984,336,0030EA76,0,1,1,4294967295,0,0
CP_Ground,22176,336,0006EB68,0,1,1,4294967295,0,0
CP_Ground,22368,336,003823E3,0,1,1,4294967295,0,0
CP_Ground,22560,336,0022B566,0,1,1,4294967295,0,0
CP_Ground,22752,336,002C8AB3,0,1,1,4294967295,0,0
CP_Ground,22944,336,003D9DDA,0,1,1,4294967295,0,0
CP_Ground,23136,336,0002CEF1,0,1,1,4294967295,0,0
CP_Ground,23328,336,00317F09,0,1,1,4294967295,0,0
CP_Ground,23520,336,002F35D3,0,1,1,4294967295,0,0
CP_Ground,23712,336,0027B243,0,1,1,4294967295,0,0
CP_Ground,23904,336,0024B996,0,1,1,4294967295,0,0
CP_Ground,24096,336,001CE6E6,0,1,1,4294967295,0,0
CP_Ground,24288,336,002EE14A,0,1,1,4294967295,0,0
CP_Ground,24480,336,0021AF14,0,1,1,4294967295,0,0
CP_Ground,24672,336,0020804B,0,1,1,4294967295,0,0
CP_Ground,24864,336,0035CCBA,0,1,1,4294967295,0,0
CP_Ground,25056,336,0031DBD8,0,1,1,4294967295,0,0
CP_Ground,25248,336,003D6AC6,0,1,1,4294967295,0,0
CP_Ground,25440,336,003B08C4,0,1,1,4294967295,0,0
CP_Ground,25632,336,001DBF8D,0,1,1,4294967295,0,0
CP_Ground,25824,336,0008B65D,0,1,1,4294967295,0,0
CP_Ground,26016,336,0000D61C,0,1,1,4294967295,0,0
CP_Ground,26208,336,00013B16,0,1,1,4294967295,0,0
CP_Ground,26400,336,002963F0,0,1,1,4294967295,0,0
CP_Ground,26592,336,001F7426,0,1,1,4294967295,0,0
CP_Ground,26784,336,0015401A,0,1,1,4294967295,0,0
CP_Ground,26976,336,00391B14,0,1,1,4294967295,0,0
CP_Ground,27168,336,00059C2B,0,1,1,4294967295,0,0
CP_Ground,27360,336,00296695,0,1,1,4294967295,0,0
CP_Ground,27552,336,00038263,0,1,1,4294967295,0,0
CP_Ground,27744,336,002438EC,0,1,1,4294967295,0,0
CP_Ground,27936,336,001083FD,0,1,1,4294967295,0,0
CP_Ground,28128,336,0003909D,0,1,1,4294967295,0,0
CP_Ground,28320,336,00394513,0,1,1,4294967295,0,0
CP_Ground,28512,336,001DAB54,0,1,1,4294967295,0,0
CP_Ground,28704,336,001B58DD,0,1,1,4294967295,0,0
CP_Ground,28896,336,0031A928,0,1,1,4294967295,0,0
CP_Ground,29088,336,00111FD6,0,1,1,4294967295,0,0
CP_Ground,29280,336,0017FFFA,0,1,1,4294967295,0,0
CP_Ground,29472,336,00256569,0,1,1,4294967295,0,0
CP_Ground,29664,336,002ABC91,0,1,1,4294967295,0,0
CP_Ground,29856,336,0039EB1E,0,1,1,4294967295,0,0
CP_Ground,30048,336,0020FD7B,0,1,1,4294967295,0,0
CP_Ground,30240,336,0027B219,0,1,1,4294967295,0,0
CP_Ground,30432,336,00029E1D,0,1,1,4294967295,0,0
CP_Ground,30624,336,0015C49A,0,1,1,4294967295,0,0
CP_Ground,30816,336,00170F32,0,1,1,4294967295,0,0
CP_Ground,31008,336,001DC9FF,0,1,1,4294967295,0,0
CP_Ground,31200,336,00011A14,0,1,1,4294967295,0,0
CP_Ground,31392,336,000EEBDA,0,1,1,4294967295,0,0
CP_Ground,31584,336,001107F4,0,1,1,4294967295,0,0
CP_Ground,31776,336,00064666,0,1,1,4294967295,0,0
CP_Ground,31968,336,00100A0A,0,1,1,4294967295,0,0
CP_Ground,32160,336,001BAD70,0,1,1,4294967295,0,0
CP_Ground,32352,336,00059E52,0,1,1,4294967295,0,0
CP_Ground,32544,336,00267543,0,1,1,4294967295,0,0
CP_Ground,32736,336,0038A79E,0,1,1,4294967295,0,0
CP_Ground,32928,336,000A9AEF,0,1,1,4294967295,0,0
CP_Ground,33120,336,00132BA6,0,1,1,4294967295,0,0
CP_Ground,33312,336,002A8A9E,0,1,1,4294967295,0,0
CP_Ground,33504,336,0034E81C,0,1,1,4294967295,0,0
CP_Ground,33696,336,003888DF,0,1,1,4294967295,0,0
CP_Ground,33888,336,0015344E,0,1,1,4294967295,0,0
CP_Ground,34080,336,0010A1A4,0,1,1,4294967295,0,0
CP_Ground,34272,336,002E382D,0,1,1,4294967295,0,0
CP_Ground,34464,336,00207742,0,1,1,4294967295,0,0
CP_Ground,34656,336,00086635,0,1,1,4294967295,0,0
CP_Ground,34848,336,00167347,0,1,1,4294967295,0,0
CP_Ground,35040,336,000DAECB,0,1,1,4294967295,0,0
CP_Ground,35232,336,000E495B,0,1,1,4294967295,0,0
CP_Ground,35424,336,000AB7F4,0,1,1,4294967295,0,0
CP_Ground,35616,336,00355E0C,0,1,1,4294967295,0,0
CP_Ground,35808,336,0017C1E6,0,1,1,4294967295,0,0
CP_Ground,36000,336,0000A9A1,0,1,1,4294967295,0,0
CP_Ground,36192,336,0016CB4F,0,1,1,4294967295,0,0
CP_Ground,36384,336,0008B467,0,1,1,4294967295,0,0
CP_Ground,36576,336,00177009,0,1,1,4294967295,0,0
CP_Ground,36768,336,002203A6,0,1,1,4294967295,0,0
CP_Ground,36960,336,002A5706,0,1,1,4294967295,0,0
CP_Ground,37152,336,000A58D1,0,1,1,4294967295,0,0
CP_Ground,37344,336,003354F9,0,1,1,4294967295,0,0
CP_Ground,37536,336,000870E2,0,1,1,4294967295,0,0
CP_Ground,37728,336,0015BFE3,0,1,1,4294967295,0,0
CP_Ground,37920,336,001C2707,0,1,1,4294967295,0,0
CP_Ground,38112,336,000FE96A,0,1,1,4294967295,0,0
CP_Ground,38304,336,00033FAB,0,1,1,4294967295,0,0
CP_Ground,38496,336,00051070,0,1,1,4294967295,0,0
CP_Ground,38688,336,002E88D2,0,1,1,4294967295,0,0
CP_Ground,38880,336,003A5EA9,0,1,1,4294967295,0,0
CP_Ground,39072,336,00041F3B,0,1,1,4294967295,0,0
CP_Ground,39264,336,001F7C67,0,1,1,4294967295,0,0
CP_Ground,39440,336,001BF856,0,1,1,4294967295,0,0
CP_Ground,39632,336,001CAD4D,0,1,1,4294967295,0,0
CP_Ground,39824,336,000B4B59,0,1,1,4294967295,0,0
CP_Ground,39984,336,002D7B66,0,1,1,4294967295,0,0
CreamChase,160,128,0026067A,0,1,1,4294967295,0,0
CM_Checker6,33280,160,001A5744,0,1,1,4294967295,0,0
CM_Checker5,26064,112,00076B7F,0,1,1,4294967295,0,0
CM_Checker5_2,15312,112,00055102,0,1,1,4294967295,0,0
