SS_Background,144,112,002F0C6F,0,1,1,4294967295,0,0
SS_Background,272,112,00051360,0,1,1,4294967295,0,0
SS_Background,208,176,003A3D11,0,1,1,4294967295,0,0
SS_Background,144,240,00033401,0,1,1,4294967295,0,0
SS_Background,144,368,0033E160,0,1,1,4294967295,0,0
SS_Background,208,304,0000B73F,0,1,1,4294967295,0,0
SS_Background,272,368,002062D6,0,1,1,4294967295,0,0
SS_Background,272,240,002023E3,0,1,1,4294967295,0,0
SS_Background,336,176,000FC436,0,1,1,4294967295,0,0
SS_Background,400,112,00233682,0,1,1,4294967295,0,0
SS_Background,336,48,003DD5CC,0,1,1,4294967295,0,0
SS_Background,208,48,0039799B,0,1,1,4294967295,0,0
SS_Background,80,176,00389B5D,0,1,1,4294967295,0,0
SS_Background,80,304,00327B0C,0,1,1,4294967295,0,0
SS_Background,208,432,0008FDD8,0,1,1,4294967295,0,0
SS_Background,80,432,000ACB8E,0,1,1,4294967295,0,0
SS_Background,16,368,001575C3,0,1,1,4294967295,0,0
SS_Background,16,240,0012811A,0,1,1,4294967295,0,0
SS_Background,16,112,003A9E6F,0,1,1,4294967295,0,0
SS_Background,80,48,002DAC05,0,1,1,4294967295,0,0
SS_Background,144,-16,0018E239,0,1,1,4294967295,0,0
SS_Background,16,-16,0039D42B,0,1,1,4294967295,0,0
SS_Background,272,-16,003ADEAF,0,1,1,4294967295,0,0
SS_Background,400,-16,0022FB8E,0,1,1,4294967295,0,0
SS_Background,464,48,00048EDF,0,1,1,4294967295,0,0
SS_Background,464,176,00077ED8,0,1,1,4294967295,0,0
SS_Background,400,240,00065D59,0,1,1,4294967295,0,0
SS_Background,336,304,001FBDEA,0,1,1,4294967295,0,0
SS_Background,400,368,002CD0F0,0,1,1,4294967295,0,0
SS_Background,336,432,000C326A,0,1,1,4294967295,0,0
SS_Background,464,432,003B466D,0,1,1,4294967295,0,0
SS_Background,464,304,00293EF5,0,1,1,4294967295,0,0
SS_Background,528,240,0014C6E5,0,1,1,4294967295,0,0
SS_Background,528,112,001886BE,0,1,1,4294967295,0,0
SS_Background,528,-16,00152A7D,0,1,1,4294967295,0,0
SS_Background,592,48,00279A4D,0,1,1,4294967295,0,0
SS_Background,656,112,001872AB,0,1,1,4294967295,0,0
SS_Background,656,-16,00031230,0,1,1,4294967295,0,0
SS_Background,592,176,0036412A,0,1,1,4294967295,0,0
SS_Background,656,240,0020C024,0,1,1,4294967295,0,0
SS_Background,592,304,001D1248,0,1,1,4294967295,0,0
SS_Background,528,368,001DF7B3,0,1,1,4294967295,0,0
SS_Background,592,432,0019C72B,0,1,1,4294967295,0,0
SS_Background,656,368,001E6B37,0,1,1,4294967295,0,0
SS_Background,656,496,001C19DE,0,1,1,4294967295,0,0
SS_Background,528,496,00259102,0,1,1,4294967295,0,0
SS_Background,400,496,0031A15C,0,1,1,4294967295,0,0
SS_Background,272,496,001264DF,0,1,1,4294967295,0,0
SS_Background,144,496,002524D5,0,1,1,4294967295,0,0
SS_Background,16,496,0006F703,0,1,1,4294967295,0,0
SS_Background,80,560,002CC745,0,1,1,4294967295,0,0
SS_Background,16,624,001C8623,0,1,1,4294967295,0,0
SS_Background,144,624,000612D4,0,1,1,4294967295,0,0
SS_Background,208,560,0026CBBB,0,1,1,4294967295,0,0
SS_Background,336,560,0004D6BF,0,1,1,4294967295,0,0
SS_Background,272,624,0024487D,0,1,1,4294967295,0,0
SS_Background,208,688,0019FD94,0,1,1,4294967295,0,0
SS_Background,80,688,00222171,0,1,1,4294967295,0,0
SS_Background,16,752,0035C913,0,1,1,4294967295,0,0
SS_Background,144,752,000A5017,0,1,1,4294967295,0,0
SS_Background,272,752,000A745C,0,1,1,4294967295,0,0
SS_Background,336,688,00190650,0,1,1,4294967295,0,0
SS_Background,400,624,0015A0C4,0,1,1,4294967295,0,0
SS_Background,464,560,00047570,0,1,1,4294967295,0,0
SS_Background,208,816,00272A4E,0,1,1,4294967295,0,0
SS_Background,336,816,0018C869,0,1,1,4294967295,0,0
SS_Background,400,752,001988A4,0,1,1,4294967295,0,0
SS_Background,272,880,00060F2C,0,1,1,4294967295,0,0
SS_Background,144,880,003D6AAD,0,1,1,4294967295,0,0
SS_Background,80,816,0013A772,0,1,1,4294967295,0,0
SS_Background,16,880,001687FD,0,1,1,4294967295,0,0
SS_Background,208,944,0029AAFC,0,1,1,4294967295,0,0
SS_Background,80,944,003314B3,0,1,1,4294967295,0,0
SS_Background,336,944,0020A6F0,0,1,1,4294967295,0,0
SS_Background,400,880,002C3F5D,0,1,1,4294967295,0,0
SS_Background,464,816,001CFB7A,0,1,1,4294967295,0,0
SS_Background,528,752,0031AA9B,0,1,1,4294967295,0,0
SS_Background,528,880,000D6E69,0,1,1,4294967295,0,0
SS_Background,592,816,000BE138,0,1,1,4294967295,0,0
SS_Background,656,880,0024DD23,0,1,1,4294967295,0,0
SS_Background,656,752,00000729,0,1,1,4294967295,0,0
SS_Background,720,816,001F4BA1,0,1,1,4294967295,0,0
SS_Background,720,688,002659E4,0,1,1,4294967295,0,0
SS_Background,784,752,0018665C,0,1,1,4294967295,0,0
SS_Background,784,880,003CBB42,0,1,1,4294967295,0,0
SS_Background,592,944,002B2AD9,0,1,1,4294967295,0,0
SS_Background,720,944,00136E9C,0,1,1,4294967295,0,0
SS_Background,464,944,000A2729,0,1,1,4294967295,0,0
SS_Background,464,688,00323103,0,1,1,4294967295,0,0
SS_Background,592,688,0002DBA9,0,1,1,4294967295,0,0
SS_Background,656,624,001F7002,0,1,1,4294967295,0,0
SS_Background,592,560,001FCF37,0,1,1,4294967295,0,0
SS_Background,720,560,001C536C,0,1,1,4294967295,0,0
SS_Background,848,816,00014861,0,1,1,4294967295,0,0
SS_Background,848,688,0030054A,0,1,1,4294967295,0,0
SS_Background,784,624,002BDEB9,0,1,1,4294967295,0,0
SS_Background,720,432,00362F19,0,1,1,4294967295,0,0
SS_Background,720,304,000EC858,0,1,1,4294967295,0,0
SS_Background,784,368,000B92DE,0,1,1,4294967295,0,0
SS_Background,784,496,002DA831,0,1,1,4294967295,0,0
SS_Background,848,560,00026485,0,1,1,4294967295,0,0
SS_Background,720,176,000BD1EE,0,1,1,4294967295,0,0
SS_Background,784,240,00193774,0,1,1,4294967295,0,0
SS_Background,848,304,0028E65B,0,1,1,4294967295,0,0
SS_Background,912,368,000FF006,0,1,1,4294967295,0,0
SS_Background,848,432,001B5878,0,1,1,4294967295,0,0
SS_Background,912,496,003DBE7D,0,1,1,4294967295,0,0
SS_Background,912,240,0018C0B3,0,1,1,4294967295,0,0
SS_Background,848,176,00035807,0,1,1,4294967295,0,0
SS_Background,784,112,00170B67,0,1,1,4294967295,0,0
SS_Background,912,112,001021AF,0,1,1,4294967295,0,0
SS_Background,720,48,001153D9,0,1,1,4294967295,0,0
SS_Background,848,48,000B3B85,0,1,1,4294967295,0,0
SS_Background,912,752,000A8AAB,0,1,1,4294967295,0,0
SS_Background,912,880,002C59E3,0,1,1,4294967295,0,0
SS_Background,976,816,003255AE,0,1,1,4294967295,0,0
SS_Background,976,688,002904A3,0,1,1,4294967295,0,0
SS_Background,848,944,001ECABE,0,1,1,4294967295,0,0
SS_Background,976,944,00368EA3,0,1,1,4294967295,0,0
SS_Background,1040,880,001D7EE0,0,1,1,4294967295,0,0
SS_Background,1040,752,000FD2C4,0,1,1,4294967295,0,0
SS_Background,1040,624,0030EA53,0,1,1,4294967295,0,0
SS_Background,1104,688,003D17F3,0,1,1,4294967295,0,0
SS_Background,1104,816,0036427B,0,1,1,4294967295,0,0
SS_Background,1168,624,00293C58,0,1,1,4294967295,0,0
SS_Background,976,432,0020A4D9,0,1,1,4294967295,0,0
SS_Background,976,304,002A66E2,0,1,1,4294967295,0,0
SS_Background,976,176,0038DE61,0,1,1,4294967295,0,0
SS_Background,1040,240,001AD7C9,0,1,1,4294967295,0,0
SS_Background,1040,368,0030A8E9,0,1,1,4294967295,0,0
SS_Background,1040,496,0010F12B,0,1,1,4294967295,0,0
SS_Background,976,560,00113DF1,0,1,1,4294967295,0,0
SS_Background,1104,560,000159EA,0,1,1,4294967295,0,0
SS_Background,1168,496,002254B5,0,1,1,4294967295,0,0
SS_Background,1104,432,0026D35E,0,1,1,4294967295,0,0
SS_Background,1104,304,00218BB6,0,1,1,4294967295,0,0
SS_Background,1104,176,001B8619,0,1,1,4294967295,0,0
SS_Background,1168,240,000B2F18,0,1,1,4294967295,0,0
SS_Background,1232,176,0017C5C5,0,1,1,4294967295,0,0
SS_Background,1296,240,003A9E7D,0,1,1,4294967295,0,0
SS_Background,1232,304,00356753,0,1,1,4294967295,0,0
SS_Background,1168,368,002C1516,0,1,1,4294967295,0,0
SS_Background,1296,368,002726D9,0,1,1,4294967295,0,0
SS_Background,1232,432,001C6B8B,0,1,1,4294967295,0,0
SS_Background,1296,496,00345B63,0,1,1,4294967295,0,0
SS_Background,1232,560,002581A1,0,1,1,4294967295,0,0
SS_Background,1296,112,0024A821,0,1,1,4294967295,0,0
SS_Background,1360,176,001FF72C,0,1,1,4294967295,0,0
SS_Background,1040,112,00312F00,0,1,1,4294967295,0,0
SS_Background,1168,112,0036ECCE,0,1,1,4294967295,0,0
SS_Background,1360,304,000EEA8C,0,1,1,4294967295,0,0
SS_Background,1360,432,003BBF15,0,1,1,4294967295,0,0
SS_Background,1360,560,001F49BD,0,1,1,4294967295,0,0
SS_Background,1296,624,003F7A11,0,1,1,4294967295,0,0
SS_Background,1232,688,00086915,0,1,1,4294967295,0,0
SS_Background,1168,752,0028B6AF,0,1,1,4294967295,0,0
SS_Background,1168,880,00111957,0,1,1,4294967295,0,0
SS_Background,1232,944,000EED8A,0,1,1,4294967295,0,0
SS_Background,1296,880,001636FE,0,1,1,4294967295,0,0
SS_Background,1232,816,003A5B07,0,1,1,4294967295,0,0
SS_Background,1296,752,0037C05A,0,1,1,4294967295,0,0
SS_Background,1360,816,0020E7D5,0,1,1,4294967295,0,0
SS_Background,1424,752,003028CF,0,1,1,4294967295,0,0
SS_Background,1360,688,0009A980,0,1,1,4294967295,0,0
SS_Background,1424,624,000C65AF,0,1,1,4294967295,0,0
SS_Background,1424,496,002A83F6,0,1,1,4294967295,0,0
SS_Background,1424,368,0038F294,0,1,1,4294967295,0,0
SS_Background,1424,240,002BCC07,0,1,1,4294967295,0,0
SS_Background,1424,112,00260FA5,0,1,1,4294967295,0,0
SS_Background,1424,880,003AA3E0,0,1,1,4294967295,0,0
SS_Background,1488,816,000566ED,0,1,1,4294967295,0,0
SS_Background,1488,688,002FEEAB,0,1,1,4294967295,0,0
SS_Background,1552,624,00038B94,0,1,1,4294967295,0,0
SS_Background,1552,752,00333535,0,1,1,4294967295,0,0
SS_Background,1616,816,002AA3FF,0,1,1,4294967295,0,0
SS_Background,1552,880,003F72C3,0,1,1,4294967295,0,0
SS_Background,1680,880,0031C2A2,0,1,1,4294967295,0,0
SS_Background,1744,816,0039595A,0,1,1,4294967295,0,0
SS_Background,1680,752,00164A71,0,1,1,4294967295,0,0
SS_Background,1616,688,003CA6B7,0,1,1,4294967295,0,0
SS_Background,1680,624,0033E329,0,1,1,4294967295,0,0
SS_Background,1616,560,00051BD9,0,1,1,4294967295,0,0
SS_Background,1488,560,000F202A,0,1,1,4294967295,0,0
SS_Background,1744,688,00172712,0,1,1,4294967295,0,0
SS_Background,1808,752,003553AF,0,1,1,4294967295,0,0
SS_Background,1808,880,000F0DC5,0,1,1,4294967295,0,0
SS_Background,1872,816,003D7323,0,1,1,4294967295,0,0
SS_Background,1936,752,001785E6,0,1,1,4294967295,0,0
SS_Background,1936,880,000D3852,0,1,1,4294967295,0,0
SS_Background,2000,816,0021C7F8,0,1,1,4294967295,0,0
SS_Background,1872,688,00361DF5,0,1,1,4294967295,0,0
SS_Background,2000,688,00342EF6,0,1,1,4294967295,0,0
SS_Background,1808,624,0037B7C7,0,1,1,4294967295,0,0
SS_Background,1936,624,002FC49A,0,1,1,4294967295,0,0
SS_Background,2064,752,001054A8,0,1,1,4294967295,0,0
SS_Background,2064,880,00145E09,0,1,1,4294967295,0,0
SS_Background,2128,816,002EE27D,0,1,1,4294967295,0,0
SS_Background,2000,944,0014D45A,0,1,1,4294967295,0,0
SS_Background,2128,944,0019F74C,0,1,1,4294967295,0,0
SS_Background,2192,880,0034A81F,0,1,1,4294967295,0,0
SS_Background,2192,752,0028F34E,0,1,1,4294967295,0,0
SS_Background,2128,688,00001FAC,0,1,1,4294967295,0,0
SS_Background,2064,624,00126D1D,0,1,1,4294967295,0,0
SS_Background,2064,1008,002BA00A,0,1,1,4294967295,0,0
SS_Background,1936,1008,0003FA50,0,1,1,4294967295,0,0
SS_Background,1872,944,00101227,0,1,1,4294967295,0,0
SS_Background,2000,1072,0025834C,0,1,1,4294967295,0,0
SS_Background,2000,560,00286408,0,1,1,4294967295,0,0
SS_Background,1872,560,00031EE7,0,1,1,4294967295,0,0
SS_Background,1744,560,003C6D14,0,1,1,4294967295,0,0
SS_Background,2128,560,00296BA1,0,1,1,4294967295,0,0
SS_Background,2192,624,0007CAE6,0,1,1,4294967295,0,0
SS_Background,2256,688,0008C219,0,1,1,4294967295,0,0
SS_Background,2320,624,003921EC,0,1,1,4294967295,0,0
SS_Background,2256,560,003A50FB,0,1,1,4294967295,0,0
SS_Background,2384,560,0037E4B6,0,1,1,4294967295,0,0
SS_Background,2320,496,000F9498,0,1,1,4294967295,0,0
SS_Background,2192,496,000DC640,0,1,1,4294967295,0,0
SS_Background,2256,432,001798D7,0,1,1,4294967295,0,0
SS_Background,2320,368,00280FCE,0,1,1,4294967295,0,0
SS_Background,2384,432,002FBB82,0,1,1,4294967295,0,0
SS_Background,2448,496,002B46EA,0,1,1,4294967295,0,0
SS_Background,2448,624,003D23F2,0,1,1,4294967295,0,0
SS_Background,2128,432,001F2829,0,1,1,4294967295,0,0
SS_Background,2192,368,000EDED3,0,1,1,4294967295,0,0
SS_Background,2256,304,0019DA0E,0,1,1,4294967295,0,0
SS_Background,2384,304,003A8B98,0,1,1,4294967295,0,0
SS_Background,2448,368,0013B073,0,1,1,4294967295,0,0
SS_Background,2384,688,002CDB75,0,1,1,4294967295,0,0
SS_Background,2512,688,002F22B9,0,1,1,4294967295,0,0
SS_Background,2512,560,0025E623,0,1,1,4294967295,0,0
SS_Background,2576,624,003E3854,0,1,1,4294967295,0,0
SS_Background,2640,688,00067DF4,0,1,1,4294967295,0,0
SS_Background,2640,560,0000805A,0,1,1,4294967295,0,0
SS_Background,2576,496,000B5CE9,0,1,1,4294967295,0,0
SS_Background,2704,624,00255F51,0,1,1,4294967295,0,0
SS_Background,2704,752,00252DFC,0,1,1,4294967295,0,0
SS_Background,2576,752,0023DE50,0,1,1,4294967295,0,0
SS_Background,2448,752,00139E20,0,1,1,4294967295,0,0
SS_Background,2320,752,003B049D,0,1,1,4294967295,0,0
SS_Background,2256,816,0031B74B,0,1,1,4294967295,0,0
SS_Background,2384,816,001202C6,0,1,1,4294967295,0,0
SS_Background,2512,816,0026CC12,0,1,1,4294967295,0,0
SS_Background,2640,816,0027127E,0,1,1,4294967295,0,0
SS_Background,2704,880,0000F452,0,1,1,4294967295,0,0
SS_Background,2640,944,001E3B6E,0,1,1,4294967295,0,0
SS_Background,2576,1008,00242229,0,1,1,4294967295,0,0
SS_Background,2576,880,003A1EA6,0,1,1,4294967295,0,0
SS_Background,2448,880,00156DC4,0,1,1,4294967295,0,0
SS_Background,2320,880,00364384,0,1,1,4294967295,0,0
SS_Background,2384,944,0014A47B,0,1,1,4294967295,0,0
SS_Background,2512,944,00042A51,0,1,1,4294967295,0,0
SS_Background,2256,944,002351C0,0,1,1,4294967295,0,0
SS_Background,2192,1008,003AC17D,0,1,1,4294967295,0,0
SS_Background,2128,1072,000F8800,0,1,1,4294967295,0,0
SS_Background,2320,1008,00294FF5,0,1,1,4294967295,0,0
SS_Background,2448,1008,003AEFB7,0,1,1,4294967295,0,0
SS_Background,2384,1072,00093D21,0,1,1,4294967295,0,0
SS_Background,2256,1072,0017A30A,0,1,1,4294967295,0,0
SS_Background,2192,1136,000F1F1B,0,1,1,4294967295,0,0
SS_Background,2320,1136,00039B94,0,1,1,4294967295,0,0
SS_Background,2064,1136,00239553,0,1,1,4294967295,0,0
SS_Background,1936,1136,0008FFB4,0,1,1,4294967295,0,0
SS_Background,2512,1072,001F64D1,0,1,1,4294967295,0,0
SS_Background,2448,1136,000A7214,0,1,1,4294967295,0,0
SS_Background,2576,1136,002CDB48,0,1,1,4294967295,0,0
SS_Background,2640,1072,003E4B67,0,1,1,4294967295,0,0
SS_Background,2704,1008,0019DED2,0,1,1,4294967295,0,0
SS_Background,2704,1136,002E755D,0,1,1,4294967295,0,0
SS_Background,2640,1200,000BF1AB,0,1,1,4294967295,0,0
SS_Background,2576,1264,002204BD,0,1,1,4294967295,0,0
SS_Background,2704,1264,000F3666,0,1,1,4294967295,0,0
SS_Background,2512,1200,000E768B,0,1,1,4294967295,0,0
SS_Background,2448,1264,000ADA7E,0,1,1,4294967295,0,0
SS_Background,2384,1200,003898CD,0,1,1,4294967295,0,0
SS_Background,2256,1200,0023EF48,0,1,1,4294967295,0,0
SS_Background,2320,1264,002652D0,0,1,1,4294967295,0,0
SS_Background,2192,1264,001DE403,0,1,1,4294967295,0,0
SS_Background,2128,1200,003222F5,0,1,1,4294967295,0,0
SS_Background,2000,1200,000F5ABD,0,1,1,4294967295,0,0
SS_Background,2064,1264,00169759,0,1,1,4294967295,0,0
SS_Background,1936,1264,000FA4C3,0,1,1,4294967295,0,0
SS_Background,1872,1200,0032D215,0,1,1,4294967295,0,0
SS_Background,1872,1072,001B87FF,0,1,1,4294967295,0,0
SS_Background,1808,1136,002C5548,0,1,1,4294967295,0,0
SS_Background,1744,1072,001C43BE,0,1,1,4294967295,0,0
SS_Background,1808,1008,000307BE,0,1,1,4294967295,0,0
SS_Background,1744,944,00355BB2,0,1,1,4294967295,0,0
SS_Background,1616,944,0001484E,0,1,1,4294967295,0,0
SS_Background,1680,1008,0014ED78,0,1,1,4294967295,0,0
SS_Background,1680,1136,0032B41D,0,1,1,4294967295,0,0
SS_Background,1616,1072,003351CD,0,1,1,4294967295,0,0
SS_Background,1552,1008,0029F55C,0,1,1,4294967295,0,0
SS_Background,1488,944,003A0245,0,1,1,4294967295,0,0
SS_Background,1424,1008,00012705,0,1,1,4294967295,0,0
SS_Background,1360,944,000474F9,0,1,1,4294967295,0,0
SS_Background,1488,1072,002930BA,0,1,1,4294967295,0,0
SS_Background,1552,1136,0002C503,0,1,1,4294967295,0,0
SS_Background,1616,1200,003977BA,0,1,1,4294967295,0,0
SS_Background,1744,1200,000AD677,0,1,1,4294967295,0,0
SS_Background,1808,1264,00003B3B,0,1,1,4294967295,0,0
SS_Background,1680,1264,002377E4,0,1,1,4294967295,0,0
SS_Background,1552,1264,002E6EE7,0,1,1,4294967295,0,0
SS_Background,1488,1200,0032EDB2,0,1,1,4294967295,0,0
SS_Background,1424,1136,0034B7E9,0,1,1,4294967295,0,0
SS_Background,1360,1072,00245753,0,1,1,4294967295,0,0
SS_Background,1296,1008,00299474,0,1,1,4294967295,0,0
SS_Background,1872,1328,002D8BDE,0,1,1,4294967295,0,0
SS_Background,1360,1200,003B6707,0,1,1,4294967295,0,0
SS_Background,1296,1136,003E2869,0,1,1,4294967295,0,0
SS_Background,1232,1072,001A1E9F,0,1,1,4294967295,0,0
SS_Background,1168,1008,003EC5BB,0,1,1,4294967295,0,0
SS_Background,1104,944,000BF76D,0,1,1,4294967295,0,0
SS_Background,1040,1008,002F367D,0,1,1,4294967295,0,0
SS_Background,1104,1072,0031171E,0,1,1,4294967295,0,0
SS_Background,1168,1136,002209F3,0,1,1,4294967295,0,0
SS_Background,1232,1200,0027ACF4,0,1,1,4294967295,0,0
SS_Background,1040,1136,001965C3,0,1,1,4294967295,0,0
SS_Background,1104,1200,001E084F,0,1,1,4294967295,0,0
SS_Background,1168,1264,001AF461,0,1,1,4294967295,0,0
SS_Background,1296,1264,0031FEA8,0,1,1,4294967295,0,0
SS_Background,1424,1264,00008DC1,0,1,1,4294967295,0,0
SS_Background,976,1072,0036DE2A,0,1,1,4294967295,0,0
SS_Background,912,1008,001142B9,0,1,1,4294967295,0,0
SS_Background,784,1008,000E94BB,0,1,1,4294967295,0,0
SS_Background,848,1072,0016891A,0,1,1,4294967295,0,0
SS_Background,720,1072,001D0A73,0,1,1,4294967295,0,0
SS_Background,784,1136,002EC7B3,0,1,1,4294967295,0,0
SS_Background,912,1136,0040012B,0,1,1,4294967295,0,0
SS_Background,656,1008,000DFF67,0,1,1,4294967295,0,0
SS_Background,528,1008,000CB184,0,1,1,4294967295,0,0
SS_Background,400,1008,003F4B75,0,1,1,4294967295,0,0
SS_Background,464,1072,001495BE,0,1,1,4294967295,0,0
SS_Background,592,1072,0001C23D,0,1,1,4294967295,0,0
SS_Background,528,1136,00078395,0,1,1,4294967295,0,0
SS_Background,400,1136,0027F3C0,0,1,1,4294967295,0,0
SS_Background,656,1136,00077A4E,0,1,1,4294967295,0,0
SS_Background,720,1200,00087F61,0,1,1,4294967295,0,0
SS_Background,592,1200,0025EE4C,0,1,1,4294967295,0,0
SS_Background,464,1200,0017ACEC,0,1,1,4294967295,0,0
SS_Background,336,1200,003BFA45,0,1,1,4294967295,0,0
SS_Background,336,1072,0021A67D,0,1,1,4294967295,0,0
SS_Background,272,1008,002382CE,0,1,1,4294967295,0,0
SS_Background,208,1072,00233D77,0,1,1,4294967295,0,0
SS_Background,272,1136,0017A202,0,1,1,4294967295,0,0
SS_Background,208,1200,00363502,0,1,1,4294967295,0,0
SS_Background,528,1264,000FB1DB,0,1,1,4294967295,0,0
SS_Background,656,1264,0010DE94,0,1,1,4294967295,0,0
SS_Background,592,1328,000B5BA2,0,1,1,4294967295,0,0
SS_Background,784,1264,00387491,0,1,1,4294967295,0,0
SS_Background,848,1200,00179656,0,1,1,4294967295,0,0
SS_Background,912,1264,00274613,0,1,1,4294967295,0,0
SS_Background,976,1200,002484CB,0,1,1,4294967295,0,0
SS_Background,1040,1264,003D8271,0,1,1,4294967295,0,0
SS_Background,1232,1328,0030AD2F,0,1,1,4294967295,0,0
SS_Background,1104,1328,001FEC8F,0,1,1,4294967295,0,0
SS_Background,976,1328,001A3C86,0,1,1,4294967295,0,0
SS_Background,848,1328,003B40E5,0,1,1,4294967295,0,0
SS_Background,720,1328,003C23BB,0,1,1,4294967295,0,0
SS_Background,528,1392,0033FC5B,0,1,1,4294967295,0,0
SS_Background,464,1328,001510EC,0,1,1,4294967295,0,0
SS_Background,400,1264,002683D2,0,1,1,4294967295,0,0
SS_Background,400,1392,00091136,0,1,1,4294967295,0,0
SS_Background,464,1456,000229D9,0,1,1,4294967295,0,0
SS_Background,592,1456,003DDFFF,0,1,1,4294967295,0,0
SS_Background,656,1392,003C3D5B,0,1,1,4294967295,0,0
SS_Background,336,1328,002DB001,0,1,1,4294967295,0,0
SS_Background,336,1456,0025DC8A,0,1,1,4294967295,0,0
SS_Background,400,1520,00342D24,0,1,1,4294967295,0,0
SS_Background,528,1520,000F1A8F,0,1,1,4294967295,0,0
SS_Background,656,1520,003AB2E3,0,1,1,4294967295,0,0
SS_Background,592,1584,001B883F,0,1,1,4294967295,0,0
SS_Background,464,1584,001CCDFE,0,1,1,4294967295,0,0
SS_Background,720,1456,0008ABF3,0,1,1,4294967295,0,0
SS_Background,720,1584,002640D8,0,1,1,4294967295,0,0
SS_Background,656,1648,002DD60C,0,1,1,4294967295,0,0
SS_Background,528,1648,000449A5,0,1,1,4294967295,0,0
SS_Background,400,1648,001332E4,0,1,1,4294967295,0,0
SS_Background,336,1584,0010295F,0,1,1,4294967295,0,0
SS_Background,784,1520,00268190,0,1,1,4294967295,0,0
SS_Background,784,1392,0026C7DD,0,1,1,4294967295,0,0
SS_Background,912,1392,003C7223,0,1,1,4294967295,0,0
SS_Background,848,1456,00183D0C,0,1,1,4294967295,0,0
SS_Background,976,1456,001BE128,0,1,1,4294967295,0,0
SS_Background,1040,1392,003A7592,0,1,1,4294967295,0,0
SS_Background,1104,1456,0028FBF7,0,1,1,4294967295,0,0
SS_Background,912,1520,000D8A6F,0,1,1,4294967295,0,0
SS_Background,1040,1520,003A9C62,0,1,1,4294967295,0,0
SS_Background,1168,1392,002E185B,0,1,1,4294967295,0,0
SS_Background,1296,1392,0005FAC7,0,1,1,4294967295,0,0
SS_Background,1232,1456,000EB7EF,0,1,1,4294967295,0,0
SS_Background,1168,1520,003F5936,0,1,1,4294967295,0,0
SS_Background,1104,1584,00184ACC,0,1,1,4294967295,0,0
SS_Background,976,1584,00315A2E,0,1,1,4294967295,0,0
SS_Background,848,1584,000020FF,0,1,1,4294967295,0,0
SS_Background,1168,1648,0025116B,0,1,1,4294967295,0,0
SS_Background,1232,1584,00274966,0,1,1,4294967295,0,0
SS_Background,1296,1520,0023EC15,0,1,1,4294967295,0,0
SS_Background,1360,1456,001131D8,0,1,1,4294967295,0,0
SS_Background,1360,1328,0018E80B,0,1,1,4294967295,0,0
SS_Background,1424,1392,002FE37D,0,1,1,4294967295,0,0
SS_Background,1424,1520,003C93C9,0,1,1,4294967295,0,0
SS_Background,1360,1584,0015845E,0,1,1,4294967295,0,0
SS_Background,1296,1648,0016EDB6,0,1,1,4294967295,0,0
SS_Background,1424,1648,000BE382,0,1,1,4294967295,0,0
SS_Background,1040,1648,00105F50,0,1,1,4294967295,0,0
SS_Background,912,1648,000B5D19,0,1,1,4294967295,0,0
SS_Background,784,1648,0023E40D,0,1,1,4294967295,0,0
SS_Background,1488,1584,00061680,0,1,1,4294967295,0,0
SS_Background,1552,1648,000218F2,0,1,1,4294967295,0,0
SS_Background,1616,1584,0034BE2E,0,1,1,4294967295,0,0
SS_Background,1552,1520,0025E4D0,0,1,1,4294967295,0,0
SS_Background,1488,1456,00219D24,0,1,1,4294967295,0,0
SS_Background,1488,1328,0025A4C9,0,1,1,4294967295,0,0
SS_Background,1616,1328,003976D9,0,1,1,4294967295,0,0
SS_Background,1744,1328,002FD90A,0,1,1,4294967295,0,0
SS_Background,1808,1392,001D9EDB,0,1,1,4294967295,0,0
SS_Background,1680,1392,000E3437,0,1,1,4294967295,0,0
SS_Background,1744,1456,001C4BD8,0,1,1,4294967295,0,0
SS_Background,1552,1392,00218106,0,1,1,4294967295,0,0
SS_Background,1616,1456,00244C00,0,1,1,4294967295,0,0
SS_Background,1680,1520,00330ECD,0,1,1,4294967295,0,0
SS_Background,1744,1584,0016F641,0,1,1,4294967295,0,0
SS_Background,1808,1520,0010ACAA,0,1,1,4294967295,0,0
SS_Background,1680,1648,0021F07A,0,1,1,4294967295,0,0
SS_Background,1808,1648,002098F9,0,1,1,4294967295,0,0
SS_Background,1872,1584,0004B3DE,0,1,1,4294967295,0,0
SS_Background,1872,1456,003D411D,0,1,1,4294967295,0,0
SS_Background,1936,1392,0015ACBE,0,1,1,4294967295,0,0
SS_Background,2000,1328,0007ECA9,0,1,1,4294967295,0,0
SS_Background,2128,1328,001454B9,0,1,1,4294967295,0,0
SS_Background,2064,1392,00229199,0,1,1,4294967295,0,0
SS_Background,2000,1456,0039918D,0,1,1,4294967295,0,0
SS_Background,1936,1520,0001B155,0,1,1,4294967295,0,0
SS_Background,1936,1648,0005B937,0,1,1,4294967295,0,0
SS_Background,2000,1584,000CD6A3,0,1,1,4294967295,0,0
SS_Background,2256,1328,00303447,0,1,1,4294967295,0,0
SS_Background,2192,1392,0032BFE1,0,1,1,4294967295,0,0
SS_Background,2320,1392,000D36AC,0,1,1,4294967295,0,0
SS_Background,2384,1328,00201B41,0,1,1,4294967295,0,0
SS_Background,2448,1392,003A16FD,0,1,1,4294967295,0,0
SS_Background,2512,1328,000B96DC,0,1,1,4294967295,0,0
SS_Background,2576,1392,00002289,0,1,1,4294967295,0,0
SS_Background,2640,1328,00174787,0,1,1,4294967295,0,0
SS_Background,2704,1392,003D3255,0,1,1,4294967295,0,0
SS_Background,2704,496,00319722,0,1,1,4294967295,0,0
SS_Background,2512,432,00051DFC,0,1,1,4294967295,0,0
SS_Background,2320,240,000EA574,0,1,1,4294967295,0,0
SS_Background,2064,496,000167FA,0,1,1,4294967295,0,0
SS_Background,1936,496,00254FCD,0,1,1,4294967295,0,0
SS_Background,1808,496,000C153B,0,1,1,4294967295,0,0
SS_Background,1680,496,003A8221,0,1,1,4294967295,0,0
SS_Background,1616,432,00103B17,0,1,1,4294967295,0,0
SS_Background,1552,496,001A475F,0,1,1,4294967295,0,0
SS_Background,1488,432,002749DB,0,1,1,4294967295,0,0
SS_Background,1552,368,003DB3B8,0,1,1,4294967295,0,0
SS_Background,1744,432,0033718F,0,1,1,4294967295,0,0
SS_Background,1104,48,0033ACEF,0,1,1,4294967295,0,0
SS_Background,1232,48,002A9DEF,0,1,1,4294967295,0,0
SS_Background,1360,48,0025452A,0,1,1,4294967295,0,0
SS_Background,976,48,0026B922,0,1,1,4294967295,0,0
SS_Background,912,-16,003459F6,0,1,1,4294967295,0,0
SS_Background,1040,-16,0009C416,0,1,1,4294967295,0,0
SS_Background,1168,-16,00190089,0,1,1,4294967295,0,0
SS_Background,1296,-16,0018A63F,0,1,1,4294967295,0,0
SS_Background,784,-16,003DD24F,0,1,1,4294967295,0,0
SS_Background,1488,176,003B8530,0,1,1,4294967295,0,0
SS_Background,1424,-16,002565C9,0,1,1,4294967295,0,0
SS_Background,1488,304,0029228E,0,1,1,4294967295,0,0
SS_Background,1680,368,00065E10,0,1,1,4294967295,0,0
SS_Background,2064,368,0036F803,0,1,1,4294967295,0,0
SS_Background,2000,432,0011FF45,0,1,1,4294967295,0,0
SS_Background,1872,432,0025B05E,0,1,1,4294967295,0,0
SS_Background,1936,368,00052333,0,1,1,4294967295,0,0
SS_Background,2128,304,00377042,0,1,1,4294967295,0,0
SS_Background,2000,304,0007EE80,0,1,1,4294967295,0,0
SS_Background,2448,240,00132340,0,1,1,4294967295,0,0
SS_Background,2512,304,001A4117,0,1,1,4294967295,0,0
SS_Background,2576,240,00376252,0,1,1,4294967295,0,0
SS_Background,2512,176,001988DE,0,1,1,4294967295,0,0
SS_Background,2448,112,00224259,0,1,1,4294967295,0,0
SS_Background,2384,176,0012CEB0,0,1,1,4294967295,0,0
SS_Background,2256,176,002DBEC2,0,1,1,4294967295,0,0
SS_Background,2192,240,000F920A,0,1,1,4294967295,0,0
SS_Background,2064,240,003E8916,0,1,1,4294967295,0,0
SS_Background,1936,240,0031AE20,0,1,1,4294967295,0,0
SS_Background,1872,304,002330F2,0,1,1,4294967295,0,0
SS_Background,1808,368,002FDC73,0,1,1,4294967295,0,0
SS_Background,1744,304,003723E3,0,1,1,4294967295,0,0
SS_Background,1616,304,003681FA,0,1,1,4294967295,0,0
SS_Background,1552,240,0006250F,0,1,1,4294967295,0,0
SS_Background,1680,240,003D3EC8,0,1,1,4294967295,0,0
SS_Background,1808,240,0010AA4C,0,1,1,4294967295,0,0
SS_Background,1744,176,00317470,0,1,1,4294967295,0,0
SS_Background,1616,176,0035A9F4,0,1,1,4294967295,0,0
SS_Background,1552,112,0007978E,0,1,1,4294967295,0,0
SS_Background,1488,48,001E29F2,0,1,1,4294967295,0,0
SS_Background,1616,48,003B926D,0,1,1,4294967295,0,0
SS_Background,1680,112,00072241,0,1,1,4294967295,0,0
SS_Background,1808,112,002D57FB,0,1,1,4294967295,0,0
SS_Background,1872,176,000F981F,0,1,1,4294967295,0,0
SS_Background,1936,112,00400983,0,1,1,4294967295,0,0
SS_Background,2000,176,00244F3F,0,1,1,4294967295,0,0
SS_Background,2064,112,003E72EC,0,1,1,4294967295,0,0
SS_Background,2128,176,00384CE5,0,1,1,4294967295,0,0
SS_Background,2192,112,00118AC5,0,1,1,4294967295,0,0
SS_Background,2320,112,001F1426,0,1,1,4294967295,0,0
SS_Background,2384,48,000A2422,0,1,1,4294967295,0,0
SS_Background,2512,48,0016FEC3,0,1,1,4294967295,0,0
SS_Background,2576,112,00172690,0,1,1,4294967295,0,0
SS_Background,2640,176,003BFC80,0,1,1,4294967295,0,0
SS_Background,2576,368,00262A0D,0,1,1,4294967295,0,0
SS_Background,2640,304,0004D263,0,1,1,4294967295,0,0
SS_Background,2640,432,0028F29B,0,1,1,4294967295,0,0
SS_Background,2704,368,00326E7B,0,1,1,4294967295,0,0
SS_Background,2704,240,0010A39B,0,1,1,4294967295,0,0
SS_Background,2704,112,0033FA8F,0,1,1,4294967295,0,0
SS_Background,2640,48,000B4E70,0,1,1,4294967295,0,0
SS_Background,2256,48,003F8475,0,1,1,4294967295,0,0
SS_Background,2128,48,00268385,0,1,1,4294967295,0,0
SS_Background,2000,48,00004387,0,1,1,4294967295,0,0
SS_Background,1872,48,00021296,0,1,1,4294967295,0,0
SS_Background,1744,48,002DAEF9,0,1,1,4294967295,0,0
SS_Background,1552,0,00297DB5,0,1,1,4294967295,0,0
SS_Background,1680,-16,0023675B,0,1,1,4294967295,0,0
SS_Background,1808,-16,0005088F,0,1,1,4294967295,0,0
SS_Background,1936,-16,000C487C,0,1,1,4294967295,0,0
SS_Background,2064,-16,002EF4B8,0,1,1,4294967295,0,0
SS_Background,2192,-16,00239FBA,0,1,1,4294967295,0,0
SS_Background,2320,-16,003396D9,0,1,1,4294967295,0,0
SS_Background,2448,-16,001B55CB,0,1,1,4294967295,0,0
SS_Background,2576,-16,00169381,0,1,1,4294967295,0,0
SS_Background,2704,-16,0035BE9D,0,1,1,4294967295,0,0
SS_Background,2640,1456,0030043B,0,1,1,4294967295,0,0
SS_Background,2512,1456,00028CE7,0,1,1,4294967295,0,0
SS_Background,2384,1456,003E9980,0,1,1,4294967295,0,0
SS_Background,2256,1456,00096600,0,1,1,4294967295,0,0
SS_Background,2128,1456,00206142,0,1,1,4294967295,0,0
SS_Background,2064,1520,003DE294,0,1,1,4294967295,0,0
SS_Background,2192,1520,0035386C,0,1,1,4294967295,0,0
SS_Background,2320,1520,001498B1,0,1,1,4294967295,0,0
SS_Background,2448,1520,001C806B,0,1,1,4294967295,0,0
SS_Background,2576,1520,00306B69,0,1,1,4294967295,0,0
SS_Background,2512,1584,003F6B25,0,1,1,4294967295,0,0
SS_Background,2384,1584,0037E55B,0,1,1,4294967295,0,0
SS_Background,2256,1584,002658A2,0,1,1,4294967295,0,0
SS_Background,2128,1584,002CB71F,0,1,1,4294967295,0,0
SS_Background,2064,1648,0011FC0F,0,1,1,4294967295,0,0
SS_Background,2192,1648,002F234C,0,1,1,4294967295,0,0
SS_Background,2320,1648,00172B3B,0,1,1,4294967295,0,0
SS_Background,2448,1648,00015951,0,1,1,4294967295,0,0
SS_Background,2576,1648,0035D56D,0,1,1,4294967295,0,0
SS_Background,2640,1584,000BC9DD,0,1,1,4294967295,0,0
SS_Background,2704,1520,003D3EDF,0,1,1,4294967295,0,0
SS_Background,2704,1648,003783C4,0,1,1,4294967295,0,0
SS_Background,272,1520,0013E6AA,0,1,1,4294967295,0,0
SS_Background,272,1648,00071C59,0,1,1,4294967295,0,0
SS_Background,208,1584,00326ECD,0,1,1,4294967295,0,0
SS_Background,144,1520,00343776,0,1,1,4294967295,0,0
SS_Background,272,1392,0003D2B4,0,1,1,4294967295,0,0
SS_Background,272,1264,000B94BE,0,1,1,4294967295,0,0
SS_Background,208,1328,000B27C9,0,1,1,4294967295,0,0
SS_Background,144,1264,000AA3B2,0,1,1,4294967295,0,0
SS_Background,144,1136,00386FC2,0,1,1,4294967295,0,0
SS_Background,80,1328,0025E0C0,0,1,1,4294967295,0,0
SS_Background,144,1392,000487C5,0,1,1,4294967295,0,0
SS_Background,208,1456,00101490,0,1,1,4294967295,0,0
SS_Background,80,1456,0000F57E,0,1,1,4294967295,0,0
SS_Background,16,1392,001A7A1A,0,1,1,4294967295,0,0
SS_Background,16,1264,002E48E8,0,1,1,4294967295,0,0
SS_Background,80,1200,001A9249,0,1,1,4294967295,0,0
SS_Background,80,1072,0024F197,0,1,1,4294967295,0,0
SS_Background,16,1136,00312889,0,1,1,4294967295,0,0
SS_Background,16,1520,001B8429,0,1,1,4294967295,0,0
SS_Background,80,1584,00231D25,0,1,1,4294967295,0,0
SS_Background,16,1648,0024DA46,0,1,1,4294967295,0,0
SS_Background,144,1648,0011EC29,0,1,1,4294967295,0,0
SS_Background,16,1008,003717F0,0,1,1,4294967295,0,0
SS_Background,144,1008,001008AB,0,1,1,4294967295,0,0
SS_Background,528,624,000D0A12,0,1,1,4294967295,0,0
SS_Background,912,624,00274790,0,1,1,4294967295,0,0
SS_Background2,128,208,002190D8,0,1,1,4294967295,0,1
SS_Background2,192,240,00403DE9,0,1,1,4294967295,0,1
SS_Background2,304,176,000686D1,0,1,1,4294967295,0,0
SS_Background2,384,256,003F0722,0,1,1,4294967295,0,1
SS_Background2,464,352,001A475E,0,1,1,4294967295,0,1
SS_Background2,512,256,003B7C0B,0,1,1,4294967295,0,1
SS_Background2,544,160,002B63F9,0,1,1,4294967295,0,1
SS_Background2,416,128,003DE866,0,1,1,4294967295,0,1
SS_Background2,288,48,0038DD8B,0,1,1,4294967295,0,1
SS_Background2,96,64,00039771,0,1,1,4294967295,0,1
SS_Background2,32,144,00314650,0,1,1,4294967295,0,1
SS_Background2,176,128,0001E7ED,0,1,1,4294967295,0,1
SS_Background2,192,432,00150787,0,1,1,4294967295,0,0
SS_Background2,320,432,00094434,0,1,1,4294967295,0,0
SS_Background2,528,448,000E4ED8,0,1,1,4294967295,0,1
SS_Background2,592,352,0024187C,0,1,1,4294967295,0,0
SS_Background2,48,432,0008EE2C,0,1,1,4294967295,0,1
SS_Background2,80,336,001BCD79,0,1,1,4294967295,0,1
SS_Background2,160,640,0009B04A,0,1,1,4294967295,0,1
SS_Background2,336,752,001516C9,0,1,1,4294967295,0,0
SS_Background2,480,608,0004AAD7,0,1,1,4294967295,0,1
SS_Background2,576,832,003DF9E0,0,1,1,4294967295,0,1
SS_Background2,800,656,003AF288,0,1,1,4294967295,0,0
SS_Background2,672,160,002A726F,0,1,1,4294967295,0,1
SS_Background2,768,368,000263EE,0,1,1,4294967295,0,1
SS_Background2,848,224,00136F00,0,1,1,4294967295,0,1
SS_Background2,1072,160,000B889E,0,1,1,4294967295,0,0
SS_Background2,1120,320,0033C836,0,1,1,4294967295,0,1
SS_Background2,976,400,0033EABB,0,1,1,4294967295,0,0
SS_Background2,1296,480,00313FC2,0,1,1,4294967295,0,0
SS_Background2,1312,208,002065C5,0,1,1,4294967295,0,0
SS_Background2,1088,48,000CA3C6,0,1,1,4294967295,0,0
SS_Background2,960,64,0013EC18,0,1,1,4294967295,0,0
SS_Background2,896,576,0022DDDF,0,1,1,4294967295,0,0
SS_Background2,1072,672,00173AEC,0,1,1,4294967295,0,0
SS_Background2,1216,704,0027EA1F,0,1,1,4294967295,0,1
SS_Background2,1376,704,0019E19F,0,1,1,4294967295,0,1
SS_Background2,1376,608,001229D2,0,1,1,4294967295,0,0
SS_Background2,1472,832,0023562E,0,1,1,4294967295,0,1
SS_Background2,1280,832,0021A030,0,1,1,4294967295,0,0
SS_Background2,1552,592,0015172A,0,1,1,4294967295,0,1
SS_Background2,1584,704,0002DE9C,0,1,1,4294967295,0,0
SS_Background2,1632,800,0015F195,0,1,1,4294967295,0,0
SS_Background2,1760,688,003B8247,0,1,1,4294967295,0,1
SS_Background2,1840,592,001053B9,0,1,1,4294967295,0,0
SS_Background2,2032,608,002C4CD4,0,1,1,4294967295,0,0
SS_Background2,1968,768,0039DB0F,0,1,1,4294967295,0,0
SS_Background2,1824,912,002D303D,0,1,1,4294967295,0,1
SS_Background2,1840,848,00252292,0,1,1,4294967295,0,0
SS_Background2,1824,1056,0005B1EC,0,1,1,4294967295,0,1
SS_Background2,1840,1216,003133C0,0,1,1,4294967295,0,0
SS_Background2,2032,944,000C3F43,0,1,1,4294967295,0,0
SS_Background2,2080,1136,003AD5CD,0,1,1,4294967295,0,1
SS_Background2,2352,960,0030D253,0,1,1,4294967295,0,0
SS_Background2,2208,944,001D0CAB,0,1,1,4294967295,0,0
SS_Background2,2192,832,00179E36,0,1,1,4294967295,0,0
SS_Background2,2352,816,003CDDE4,0,1,1,4294967295,0,0
SS_Background2,2528,832,0031F526,0,1,1,4294967295,0,1
SS_Background2,2528,1104,001D7B0C,0,1,1,4294967295,0,1
SS_Background2,2128,1248,0005FE95,0,1,1,4294967295,0,0
SS_Background2,2592,1248,0022BD9D,0,1,1,4294967295,0,0
SS_Background2,2528,704,00053F3F,0,1,1,4294967295,0,1
SS_Background2,2528,592,000F4157,0,1,1,4294967295,0,0
SS_Background2,2416,560,0008B431,0,1,1,4294967295,0,0
SS_Background2,2288,560,003511FC,0,1,1,4294967295,0,1
SS_Background2,2288,736,00225E4D,0,1,1,4294967295,0,0
SS_Background2,2144,496,003AD56F,0,1,1,4294967295,0,1
SS_Background2,2112,704,003E669A,0,1,1,4294967295,0,1
SS_Background2,1424,992,0008FAAD,0,1,1,4294967295,0,0
SS_Background2,1568,1072,0015AFA1,0,1,1,4294967295,0,0
SS_Background2,1712,976,0034B2D0,0,1,1,4294967295,0,0
SS_Background2,1040,912,00265325,0,1,1,4294967295,0,0
SS_Background2,1024,976,00012262,0,1,1,4294967295,0,0
SS_Background2,848,976,002AE2FB,0,1,1,4294967295,0,0
SS_Background2,880,864,000688F9,0,1,1,4294967295,0,0
SS_Background2,784,720,00357FD4,0,1,1,4294967295,0,0
SS_Background2,656,960,0029A417,0,1,1,4294967295,0,0
SS_Background2,528,1008,002968AD,0,1,1,4294967295,0,0
SS_Background2,656,1200,00003A04,0,1,1,4294967295,0,0
SS_Background2,912,1136,0036EA98,0,1,1,4294967295,0,0
SS_Background2,544,1360,001DE8EA,0,1,1,4294967295,0,0
SS_Background2,496,1200,003F5E9D,0,1,1,4294967295,0,0
SS_Background2,672,1440,0024B98E,0,1,1,4294967295,0,0
SS_Background2,720,1328,003C24A7,0,1,1,4294967295,0,0
SS_Background2,976,1280,0033C0A7,0,1,1,4294967295,0,0
SS_Background2,1040,1456,003DACCC,0,1,1,4294967295,0,0
SS_Background2,1200,1552,0036EE17,0,1,1,4294967295,0,0
SS_Background2,1216,1360,0028EFB1,0,1,1,4294967295,0,0
SS_Background2,1248,1248,00328E17,0,1,1,4294967295,0,0
SS_Background2,1520,1280,001FA398,0,1,1,4294967295,0,0
SS_Background2,1680,1312,00396267,0,1,1,4294967295,0,0
SS_Background2,1504,1456,003B84D9,0,1,1,4294967295,0,0
SS_Background2,1680,1488,0036AF99,0,1,1,4294967295,0,0
SS_Background2,544,1552,00232DB5,0,1,1,4294967295,0,0
SS_Background2,400,1440,0002401A,0,1,1,4294967295,0,0
SS_Background2,192,1408,003DED40,0,1,1,4294967295,0,0
SS_Background2,288,1552,002820EE,0,1,1,4294967295,0,0
SS_Background2,48,1536,00082049,0,1,1,4294967295,0,0
SS_Background2,16,1344,001909E1,0,1,1,4294967295,0,0
SS_Background2,96,1200,00227F88,0,1,1,4294967295,0,0
SS_Background2,160,1040,0001D5CF,0,1,1,4294967295,0,0
SS_Background2,256,1280,0020A1BB,0,1,1,4294967295,0,0
SS_Background2,880,1600,001CE59D,0,1,1,4294967295,0,0
SS_Background2,1424,1600,001855A7,0,1,1,4294967295,0,0
SS_Background2,1408,1328,0034028C,0,1,1,4294967295,0,0
SS_Background2,1888,1392,00252212,0,1,1,4294967295,0,0
SS_Background2,2080,1504,000C6CF2,0,1,1,4294967295,0,0
SS_Background2,2320,1392,0036DDBF,0,1,1,4294967295,0,0
SS_Background2,2288,1584,003A3367,0,1,1,4294967295,0,0
SS_Background2,1920,1600,0017AF7F,0,1,1,4294967295,0,0
SS_Background2,2592,1584,000D2135,0,1,1,4294967295,0,0
SS_Background2,2624,1408,00300249,0,1,1,4294967295,0,0
SS_Background2,2464,1312,00156D4E,0,1,1,4294967295,0,0
SS_Background2,2288,1136,000A1CDA,0,1,1,4294967295,0,0
SS_Background2,1344,1120,0027224A,0,1,1,4294967295,0,0
SS_Background2,1168,1008,00090743,0,1,1,4294967295,0,0
SS_Background2,1152,1136,002047E5,0,1,1,4294967295,0,0
SS_Background2,256,880,002F8C32,0,1,1,4294967295,0,0
SS_Background2,576,768,0038736C,0,1,1,4294967295,0,0
SS_Background2,2416,368,00273754,0,1,1,4294967295,0,0
SS_Background2,2320,304,0008E448,0,1,1,4294967295,0,0
SS_Background2,2320,192,002F3498,0,1,1,4294967295,0,0
SS_Background2,2304,80,0032E33A,0,1,1,4294967295,0,0
SS_Background2,2512,176,000EAC8C,0,1,1,4294967295,0,0
SS_Background2,2608,304,000F3B0A,0,1,1,4294967295,0,0
SS_Background2,2608,432,0001F03A,0,1,1,4294967295,0,0
SS_Background2,2048,384,0006E722,0,1,1,4294967295,0,0
SS_Background2,2176,160,0006E476,0,1,1,4294967295,0,0
SS_Background2,2032,64,002DE732,0,1,1,4294967295,0,0
SS_Background2,1968,192,002F2754,0,1,1,4294967295,0,0
SS_Background2,1776,64,002F7A5E,0,1,1,4294967295,0,0
SS_Background2,1520,32,001DF527,0,1,1,4294967295,0,0
SS_Background2,1616,208,002BC4E2,0,1,1,4294967295,0,0
SS_Background2,1888,304,000E9583,0,1,1,4294967295,0,0
SS_Background2,2128,256,001EEF50,0,1,1,4294967295,0,0
SS_Background2,1664,352,001D5FC6,0,1,1,4294967295,0,0
SS_Background2,1536,432,0020E097,0,1,1,4294967295,0,0
SS_Background2,1712,512,000C97F9,0,1,1,4294967295,0,0
SS_Background2,1504,288,0025F1A3,0,1,1,4294967295,0,0
SS_Glass,1056,480,000F13E8,0,1,1,4294967295,0,0
SS_Glass,1024,480,00082722,0,1,1,4294967295,0,0
SS_Glass,1008,496,002F5E02,0,1,1,4294967295,0,0
SS_Glass,992,480,003050D5,0,1,1,4294967295,0,0
SS_Glass,976,496,00002A37,0,1,1,4294967295,0,0
SS_Glass,960,480,000AB4A7,0,1,1,4294967295,0,0
SS_Glass,944,496,0039F71F,0,1,1,4294967295,0,0
SS_Glass,928,480,000FD6B0,0,1,1,4294967295,0,0
SS_Glass,918,498,00017412,0,1,1,4294967295,0,0
SS_Glass,1040,496,003E5693,0,1,1,4294967295,0,0
SS_Glass,1664,512,0012BC3B,0,1,1,4294967295,0,0
SS_Glass,1696,512,0016C695,0,1,1,4294967295,0,0
SS_Glass,1728,512,0034A944,0,1,1,4294967295,0,0
SS_Glass,1744,496,00229489,0,1,1,4294967295,0,0
SS_Glass,1712,496,0023C23B,0,1,1,4294967295,0,0
SS_Glass,1680,496,0012DD69,0,1,1,4294967295,0,0
SS_Goal,2480,512,000437BE,0,1,1,4294967295,0,0
SS_Goal,2480,480,0039E3C3,0,1,1,4294967295,0,0
SS_Goal,2480,448,003AAFA0,0,1,1,4294967295,0,0
SS_Goal,2448,160,000F9D45,0,1,1,4294967295,0,0
SS_Goal,2448,192,0038D5A4,0,1,1,4294967295,0,0
SS_Goal,2448,224,0023C42C,0,1,1,4294967295,0,0
SS_Goal,2346,1320,00026B39,0,1,1,4294967295,0,0
SS_Goal,2394,1320,000FC1C8,0,1,1,4294967295,0,0
SS_Goal,1696,1200,00232645,0,1,1,4294967295,0,0
SS_Goal,1728,1200,003A98EE,0,1,1,4294967295,0,0
SS_Goal,1760,1200,003CB0DC,0,1,1,4294967295,0,0
SS_Goal,1792,1200,000246DB,0,1,1,4294967295,0,0
SS_Goal,1824,1200,0033FDE4,0,1,1,4294967295,0,0
SS_Goal,1856,1200,003900D4,0,1,1,4294967295,0,0
SS_Goal,1888,1200,002D77AC,0,1,1,4294967295,0,0
SS_Goal,1920,1200,0006172C,0,1,1,4294967295,0,0
SS_Goal,1952,1200,001733A4,0,1,1,4294967295,0,0
SS_Goal,1984,1200,0007668A,0,1,1,4294967295,0,0
SS_Goal,2016,1200,0008FED5,0,1,1,4294967295,0,0
SS_Goal,2048,1200,001E6AD5,0,1,1,4294967295,0,0
SS_Goal,2080,1200,00089CD0,0,1,1,4294967295,0,0
SS_Goal,2112,1200,0019E459,0,1,1,4294967295,0,0
SS_Goal,2144,1200,00325CCF,0,1,1,4294967295,0,0
SS_Goal,2176,1200,000B9EB0,0,1,1,4294967295,0,0
SS_Goal,906,270,001C4EEB,0,1,1,4294967295,0,0
SS_Goal,1044,270,00180F3F,0,1,1,4294967295,0,0
SS_Goal,160,1392,0034D16C,0,1,1,4294967295,0,0
SS_Goal,160,1504,000C5EC5,0,1,1,4294967295,0,0
SS_Goal,192,1504,000C0649,0,1,1,4294967295,0,0
SS_Goal,224,1504,001E7883,0,1,1,4294967295,0,0
SS_Goal,256,1504,0031E52A,0,1,1,4294967295,0,0
SS_Goal,288,1504,00176C37,0,1,1,4294967295,0,0
SS_Goal,192,1392,00296330,0,1,1,4294967295,0,0
SS_Goal,224,1392,002FF98E,0,1,1,4294967295,0,0
SS_Goal,256,1392,00060B8B,0,1,1,4294967295,0,0
SS_Goal,2560,1392,0033F2CA,0,1,1,4294967295,0,0
SS_Goal,2560,1424,002046A0,0,1,1,4294967295,0,0
SS_Goal,2560,1456,000437B9,0,1,1,4294967295,0,0
SS_Goal,2560,1488,003F5D3D,0,1,1,4294967295,0,0
SS_Goal,2560,1520,00216997,0,1,1,4294967295,0,0
SS_Glass,1952,976,000D57EB,0,1,1,4294967295,0,0
SS_Glass,1952,944,002F793D,0,1,1,4294967295,0,0
SS_Glass,1952,912,0007FC05,0,1,1,4294967295,0,0
SS_Glass,1952,880,0013F82B,0,1,1,4294967295,0,0
SS_Glass,1984,1008,003390B2,0,1,1,4294967295,0,0
SS_Glass,2016,1008,0029CD29,0,1,1,4294967295,0,0
SS_Glass,2048,1008,00040C48,0,1,1,4294967295,0,0
SS_Glass,2080,1008,0015A86C,0,1,1,4294967295,0,0
SS_Glass,2112,1008,0030C8FD,0,1,1,4294967295,0,0
SS_Glass,2144,1008,0018343B,0,1,1,4294967295,0,0
SS_Glass,2176,1008,001F189C,0,1,1,4294967295,0,0
Ring,992,432,0031C9F9,0,1,1,4294967295,0,0
Ring,960,448,0022FD4C,0,1,1,4294967295,0,0
Ring,1024,448,003BFA93,0,1,1,4294967295,0,0
Ring,264,624,0028A769,0,1,1,4294967295,0,0
Ring,264,702,001C1211,0,1,1,4294967295,0,0
SS_Exit,972,272,003961E2,0,1,1,4294967295,0,0
SS_Unsolid,937,292,00057A16,0,1,1,4294967295,0,0
SS_Unsolid,1033,292,00238A5A,0,1,1,4294967295,0,0
SS_Goal,912,868,0018711A,0,1,1,4294967295,0,0
SS_Goal,912,892,0001BA88,0,1,1,4294967295,0,0
SS_Goal,912,918,0018F5E1,0,1,1,4294967295,0,0
SS_Goal,912,944,003EDD91,0,1,1,4294967295,0,0
SS_Goal,270,1032,003356E7,0,1,1,4294967295,0,0
SS_Goal,270,1002,0013E65C,0,1,1,4294967295,0,0
SS_Goal,270,972,00188DFD,0,1,1,4294967295,0,0
SS_Goal,270,936,003F76B8,0,1,1,4294967295,0,0
SS_Goal,270,906,0030120B,0,1,1,4294967295,0,0
SS_Goal,270,876,0003D429,0,1,1,4294967295,0,0
SS_Goal,414,942,002729E2,0,1,1,4294967295,0,0
SS_Goal,438,942,0032D392,0,1,1,4294967295,0,0
SS_Goal,672,870,00203BB9,0,1,1,4294967295,0,0
SS_Goal,648,870,002144BF,0,1,1,4294967295,0,0
SS_Goal,912,1002,00189BA8,0,1,1,4294967295,0,0
SS_Goal,912,1128,000FE6CE,0,1,1,4294967295,0,0
SS_Goal,270,1086,00258567,0,1,1,4294967295,0,0
SS_Goal,270,1248,000C94E5,0,1,1,4294967295,0,0
SS_Goal,1062,1248,001E3B7F,0,1,1,4294967295,0,0
SS_Goal,1032,1248,003EF68E,0,1,1,4294967295,0,0
SS_Goal,1062,1218,0031D48E,0,1,1,4294967295,0,0
SS_Goal,960,948,00062261,0,1,1,4294967295,0,0
SS_Goal,1062,1098,0007BD87,0,1,1,4294967295,0,0
SS_Goal,387,819,000C3835,0,1,1,4294967295,0,0
SS_Goal,387,792,00291B68,0,1,1,4294967295,0,0
SS_Goal,417,819,0021E70B,0,1,1,4294967295,0,0
SS_Goal,1329,681,000686A0,0,1,1,4294967295,0,0
SS_Goal,1359,681,0022FBC9,0,1,1,4294967295,0,0
SS_Goal,219,699,0017986F,0,1,1,4294967295,0,0
SS_Goal,219,630,00215D46,0,1,1,4294967295,0,0
SS_Goal,219,666,002B6625,0,1,1,4294967295,0,0
SS_Goal,355,255,002E7DC8,0,1,1,4294967295,0,0
SS_Goal,380,255,003F384C,0,1,1,4294967295,0,0
SS_Goal,405,255,0002BEC8,0,1,1,4294967295,0,0
SS_Goal,430,255,002B6EF2,0,1,1,4294967295,0,0
SS_Goal,455,255,0020DACC,0,1,1,4294967295,0,0
SS_Goal,480,255,000E10B7,0,1,1,4294967295,0,0
SS_Goal,505,255,002359DE,0,1,1,4294967295,0,0
SS_Goal,530,255,00079D5A,0,1,1,4294967295,0,0
SS_Goal,555,255,0021930A,0,1,1,4294967295,0,0
SS_Goal,580,255,00259682,0,1,1,4294967295,0,0
SS_Goal,555,280,00231329,0,1,1,4294967295,0,0
SS_Goal,580,280,0000846D,0,1,1,4294967295,0,0
SS_Goal,605,280,003BD633,0,1,1,4294967295,0,0
SS_Goal,605,255,001D6150,0,1,1,4294967295,0,0
SS_Goal,605,230,000BFE45,0,1,1,4294967295,0,0
SS_Goal,710,360,00114497,0,1,1,4294967295,0,0
SS_Goal,710,335,00340B16,0,1,1,4294967295,0,0
SS_Goal,710,310,000D764F,0,1,1,4294967295,0,0
SS_Goal,710,280,0008EADF,0,1,1,4294967295,0,0
SS_Goal,710,250,003E3E63,0,1,1,4294967295,0,0
SS_Goal,710,225,003C6001,0,1,1,4294967295,0,0
SS_Goal,710,200,002CBE6E,0,1,1,4294967295,0,0
SS_Goal,710,175,000B6F63,0,1,1,4294967295,0,0
SS_Goal,710,150,0010A9D6,0,1,1,4294967295,0,0
SS_Goal,170,150,000C9ED2,0,1,1,4294967295,0,0
SS_Goal,195,150,00287D6A,0,1,1,4294967295,0,0
SS_Goal,170,315,00113546,0,1,1,4294967295,0,0
SS_Goal,195,315,002D5707,0,1,1,4294967295,0,0
SS_GlassStrong,365,315,003891D2,0,1,1,4294967295,0,0
SS_GlassStrong,380,300,0029F89E,0,1,1,4294967295,0,0
SS_GlassStrong,350,300,00066706,0,1,1,4294967295,0,0
SS_GlassStrong,365,285,003B21A9,0,1,1,4294967295,0,0
SS_GlassStrong,185,300,0025B436,0,1,1,4294967295,0,0
SS_GlassStrong,210,300,0009654C,0,1,1,4294967295,0,0
SS_Goal,220,315,001527D2,0,1,1,4294967295,0,0
SS_Goal,220,150,002BFAF9,0,1,1,4294967295,0,0
SS_GlassStrong,235,300,001F8ACD,0,1,1,4294967295,0,0
SS_GlassStrong,250,315,0004D7A3,0,1,1,4294967295,0,0
SS_GlassStrong,185,165,003FD108,0,1,1,4294967295,0,0
SS_GlassStrong,210,165,003E5657,0,1,1,4294967295,0,0
SS_GlassStrong,235,165,0009461D,0,1,1,4294967295,0,0
SS_GlassStrong,250,150,001AFD6C,0,1,1,4294967295,0,0
SS_GlassStrong,2403,249,00360151,0,1,1,4294967295,0,0
SS_GlassStrong,2427,249,0022705A,0,1,1,4294967295,0,0
SS_GlassStrong,2307,342,0009A916,0,1,1,4294967295,0,0
SS_GlassStrong,2331,342,003F1B07,0,1,1,4294967295,0,0
SS_GlassStrong,2130,531,0024534C,0,1,1,4294967295,0,0
SS_GlassStrong,2106,531,00017F53,0,1,1,4294967295,0,0
SS_GlassStrong,2106,507,0014BC28,0,1,1,4294967295,0,0
SS_GlassStrong,686,974,0027E79D,0,1,1,4294967295,0,0
SS_GlassStrong,708,974,000AFFA5,0,1,1,4294967295,0,0
SS_GlassStrong,566,1060,002E35A6,0,1,1,4294967295,0,0
SS_GlassStrong,588,1060,000C3866,0,1,1,4294967295,0,0
SS_GlassStrong,710,1156,000DC441,0,1,1,4294967295,0,0
SS_GlassStrong,732,1156,003D5A4B,0,1,1,4294967295,0,0
SS_Goal,160,1476,001A439A,0,1,1,4294967295,0,0
SS_Goal,160,1446,003D6AEB,0,1,1,4294967295,0,0
SS_Goal,160,1419,0038F007,0,1,1,4294967295,0,0
SS_Goal,288,1392,0036030E,0,1,1,4294967295,0,0
SS_Goal,442,1392,003FF45C,0,1,1,4294967295,0,0
SS_Goal,442,1521,00112515,0,1,1,4294967295,0,0
SS_Goal,1572,1275,00138194,0,1,1,4294967295,0,0
SS_Goal,1474,1038,00038B4C,0,1,1,4294967295,0,0
SS_Goal,1474,1008,0033511F,0,1,1,4294967295,0,0
SS_Goal,2172,981,001A7EF5,0,1,1,4294967295,0,0
SS_Goal,2172,954,0005CD65,0,1,1,4294967295,0,0
SS_Goal,2172,927,0017DEC0,0,1,1,4294967295,0,0
SS_Goal,2172,900,002DF58D,0,1,1,4294967295,0,0
SS_Goal,2172,870,00334306,0,1,1,4294967295,0,0
SS_Goal,2146,870,002995A6,0,1,1,4294967295,0,0
SS_Goal,2120,870,001A218F,0,1,1,4294967295,0,0
SS_Goal,2094,870,0029FB4D,0,1,1,4294967295,0,0
SS_Goal,2068,870,003452CF,0,1,1,4294967295,0,0
SS_Goal,2042,870,003BED78,0,1,1,4294967295,0,0
SS_Goal,2016,870,002DDC2B,0,1,1,4294967295,0,0
SS_Goal,1990,870,003B1865,0,1,1,4294967295,0,0
SS_Goal,1964,870,001D7A4D,0,1,1,4294967295,0,0
SS_Goal,2224,1035,004031AD,0,1,1,4294967295,0,0
SS_Goal,2224,1008,00296980,0,1,1,4294967295,0,0
SS_Goal,2252,1035,001EAD64,0,1,1,4294967295,0,0
SS_Goal,2370,1320,00142581,0,1,1,4294967295,0,0
SS_Goal,2406,1179,00152496,0,1,1,4294967295,0,0
SS_Goal,2395,560,000E5C3D,0,1,1,4294967295,0,0
SS_Goal,2365,560,00100D1D,0,1,1,4294967295,0,0
SS_Goal,2395,590,002FEE16,0,1,1,4294967295,0,0
SS_Goal,2395,620,00117F9E,0,1,1,4294967295,0,0
SS_Goal,2395,650,00210816,0,1,1,4294967295,0,0
SS_Goal,2395,680,003907AE,0,1,1,4294967295,0,0
SS_Goal,2395,710,001C08E2,0,1,1,4294967295,0,0
SS_Goal,2395,740,00080D5D,0,1,1,4294967295,0,0
SS_Goal,2395,770,000D8C8F,0,1,1,4294967295,0,0
SS_Goal,2335,560,002B4F5C,0,1,1,4294967295,0,0
SS_Goal,2305,560,00265B3B,0,1,1,4294967295,0,0
SS_Goal,2275,560,002A2931,0,1,1,4294967295,0,0
SS_Goal,2245,560,001CBC7E,0,1,1,4294967295,0,0
SS_Goal,1995,820,001FA792,0,1,1,4294967295,0,0
SS_Goal,2020,820,001F3074,0,1,1,4294967295,0,0
SS_Goal,2045,820,0007746C,0,1,1,4294967295,0,0
SS_Goal,2070,820,0002E8A9,0,1,1,4294967295,0,0
SS_Goal,2095,820,00016F38,0,1,1,4294967295,0,0
SS_Goal,2120,820,0005006F,0,1,1,4294967295,0,0
SS_Goal,2145,820,00029909,0,1,1,4294967295,0,0
SS_Goal,2170,820,002D0250,0,1,1,4294967295,0,0
SS_Goal,2195,820,0025D80D,0,1,1,4294967295,0,0
SS_Goal,1772,640,0000823A,0,1,1,4294967295,0,0
SS_Goal,1772,720,00185FB5,0,1,1,4294967295,0,0
SS_Goal,546,774,0035211A,0,1,1,4294967295,0,0
SS_Goal,768,648,0015C7C8,0,1,1,4294967295,0,0
SS_Goal,1140,792,00086C32,0,1,1,4294967295,0,0
SS_Goal,1512,582,0030CD44,0,1,1,4294967295,0,0
SS_Goal,1770,1116,0003947A,0,1,1,4294967295,0,0
SS_Goal,2064,1086,002AAF83,0,1,1,4294967295,0,0
SS_Goal,2226,666,0014E45B,0,1,1,4294967295,0,0
SS_Goal,834,1428,003B5526,0,1,1,4294967295,0,0
SS_Goal,1158,1512,0027A5AD,0,1,1,4294967295,0,0
SS_Goal,1548,1422,0002AD40,0,1,1,4294967295,0,0
SS_Goal,1794,1512,0018BFDE,0,1,1,4294967295,0,0
SS_Goal,2148,1416,00293617,0,1,1,4294967295,0,0
SS_Goal,2466,1512,00057EE6,0,1,1,4294967295,0,0
SS_Glass,540,282,002E15F1,0,1,1,4294967295,0,0
SS_Glass,630,300,0007E11E,0,1,1,4294967295,0,0
SS_Glass,606,300,00297006,0,1,1,4294967295,0,0
SS_Glass,582,300,000F24DC,0,1,1,4294967295,0,0
SS_Glass,558,300,0039C0F2,0,1,1,4294967295,0,0
SS_Glass,708,360,0001CE3A,0,1,1,4294967295,0,0
SS_Glass,708,336,001825C6,0,1,1,4294967295,0,0
SS_Glass,708,312,003ED340,0,1,1,4294967295,0,0
SS_Glass,618,180,0018E69E,0,1,1,4294967295,0,0
SS_Glass,702,204,0006D490,0,1,1,4294967295,0,0
SS_Glass,678,204,0026AB7E,0,1,1,4294967295,0,0
SS_Glass,654,204,0027AE5A,0,1,1,4294967295,0,0
SS_Glass,630,204,00344C39,0,1,1,4294967295,0,0
SS_Glass,618,150,002FCDEE,0,1,1,4294967295,0,0
SS_Glass,642,186,000C4280,0,1,1,4294967295,0,0
SS_Glass,666,186,003B5D29,0,1,1,4294967295,0,0
SS_Glass,690,186,0039DB71,0,1,1,4294967295,0,0
SS_Glass,606,204,002E28DB,0,1,1,4294967295,0,0
SS_Glass,588,186,00264DB6,0,1,1,4294967295,0,0
SS_Glass,582,210,002EFDF9,0,1,1,4294967295,0,0
SS_Glass,564,228,001B7996,0,1,1,4294967295,0,0
SS_Glass,702,168,002D8B3C,0,1,1,4294967295,0,0
SS_Glass,708,288,00362D59,0,1,1,4294967295,0,0
SS_Glass,708,264,00049D71,0,1,1,4294967295,0,0
SS_Glass,708,240,0034BCA7,0,1,1,4294967295,0,0
SS_Glass,546,240,003ADEBF,0,1,1,4294967295,0,0
SS_Glass,522,240,00048815,0,1,1,4294967295,0,0
SS_Glass,498,240,00040D9B,0,1,1,4294967295,0,0
SS_Glass,426,240,0021FB2A,0,1,1,4294967295,0,0
SS_Glass,402,240,0029FA7A,0,1,1,4294967295,0,0
SS_Glass,378,240,003B20EE,0,1,1,4294967295,0,0
SS_Glass,354,240,0002873F,0,1,1,4294967295,0,0
SS_Glass,342,258,0028085C,0,1,1,4294967295,0,0
SS_Glass,426,216,0000F19C,0,1,1,4294967295,0,0
SS_Glass,426,192,001475A2,0,1,1,4294967295,0,0
SS_Glass,426,168,002A87D0,0,1,1,4294967295,0,0
SS_Glass,426,144,0011EB73,0,1,1,4294967295,0,0
SS_Glass,402,216,003F49D2,0,1,1,4294967295,0,0
SS_Glass,402,192,001D548E,0,1,1,4294967295,0,0
SS_Glass,402,168,003F8E73,0,1,1,4294967295,0,0
SS_Glass,402,144,000496C0,0,1,1,4294967295,0,0
SS_Glass,234,216,002607A7,0,1,1,4294967295,0,0
SS_Glass,234,276,000039F6,0,1,1,4294967295,0,0
SS_Glass,234,252,002FDD8D,0,1,1,4294967295,0,0
SS_Glass,234,192,00100701,0,1,1,4294967295,0,0
SS_Glass,246,234,003E86E1,0,1,1,4294967295,0,0
SS_Glass,222,234,00375711,0,1,1,4294967295,0,0
SS_Glass,210,192,0011260F,0,1,1,4294967295,0,0
SS_Glass,210,276,001A9758,0,1,1,4294967295,0,0
SS_Glass,402,450,001D1208,0,1,1,4294967295,0,0
SS_Glass,480,450,0040036E,0,1,1,4294967295,0,0
SS_Glass,456,450,0037E07C,0,1,1,4294967295,0,0
SS_Glass,426,450,0011724F,0,1,1,4294967295,0,0
SS_Glass,414,426,00401FDE,0,1,1,4294967295,0,0
SS_Glass,468,426,000A199C,0,1,1,4294967295,0,0
SS_Glass,468,474,0026EC28,0,1,1,4294967295,0,0
SS_Glass,414,474,0018D2A8,0,1,1,4294967295,0,0
SS_Glass,456,492,002A6C74,0,1,1,4294967295,0,0
SS_Glass,426,492,00213834,0,1,1,4294967295,0,0
SS_Glass,426,408,002AB8BF,0,1,1,4294967295,0,0
SS_Glass,450,408,0006493D,0,1,1,4294967295,0,0
SS_Glass,480,492,00374A7C,0,1,1,4294967295,0,0
SS_Glass,396,492,00226D10,0,1,1,4294967295,0,0
SS_Glass,234,630,0038F3BE,0,1,1,4294967295,0,0
SS_Glass,234,654,00021BF0,0,1,1,4294967295,0,0
SS_Glass,234,678,00285D50,0,1,1,4294967295,0,0
SS_Glass,234,702,00267C53,0,1,1,4294967295,0,0
SS_Glass,252,690,000821C0,0,1,1,4294967295,0,0
SS_Glass,252,666,003868C2,0,1,1,4294967295,0,0
SS_Glass,252,642,0009FEAD,0,1,1,4294967295,0,0
SS_Glass,270,654,000E1AE8,0,1,1,4294967295,0,0
SS_Glass,270,678,001DDAE2,0,1,1,4294967295,0,0
SS_Glass,660,558,001596B2,0,1,1,4294967295,0,0
SS_Glass,660,588,00119023,0,1,1,4294967295,0,0
SS_Glass,660,618,00370B83,0,1,1,4294967295,0,0
SS_Glass,660,648,001E87AE,0,1,1,4294967295,0,0
SS_Glass,660,678,001C7D16,0,1,1,4294967295,0,0
SS_Glass,918,816,002D8535,0,1,1,4294967295,0,0
SS_Glass,918,786,002947BD,0,1,1,4294967295,0,0
SS_Glass,918,756,0003EA6C,0,1,1,4294967295,0,0
SS_Glass,918,726,002A5F6B,0,1,1,4294967295,0,0
SS_Glass,918,696,000F051D,0,1,1,4294967295,0,0
SS_Glass,972,924,0024AE92,0,1,1,4294967295,0,0
SS_Glass,1074,1074,0024E6D2,0,1,1,4294967295,0,0
SS_Glass,1074,1188,001A5E9E,0,1,1,4294967295,0,0
SS_Glass,1050,1206,00048591,0,1,1,4294967295,0,0
SS_Goal,582,1254,003C4851,0,1,1,4294967295,0,0
SS_Goal,558,1254,000D86ED,0,1,1,4294967295,0,0
SS_Goal,534,1254,0000459E,0,1,1,4294967295,0,0
SS_Goal,492,1086,000975C2,0,1,1,4294967295,0,0
SS_Goal,468,1086,00057F7E,0,1,1,4294967295,0,0
SS_Goal,444,1086,003AC911,0,1,1,4294967295,0,0
SS_Goal,624,1044,0005BD8A,0,1,1,4294967295,0,0
SS_Glass,570,1230,00054BA8,0,1,1,4294967295,0,0
SS_Glass,570,1206,002FCA7C,0,1,1,4294967295,0,0
SS_Glass,570,1182,0011CA02,0,1,1,4294967295,0,0
SS_Glass,306,1248,000507C6,0,1,1,4294967295,0,0
SS_Glass,348,1158,003FDCC7,0,1,1,4294967295,0,0
SS_Glass,324,1158,00213499,0,1,1,4294967295,0,0
SS_Glass,300,1158,000A2E3A,0,1,1,4294967295,0,0
SS_Glass,276,1158,000D8CCC,0,1,1,4294967295,0,0
SS_Glass,432,1086,001FDEA1,0,1,1,4294967295,0,0
SS_Glass,924,1056,00143D68,0,1,1,4294967295,0,0
SS_Glass,900,1056,0001D34A,0,1,1,4294967295,0,0
SS_Glass,876,1056,000B4460,0,1,1,4294967295,0,0
SS_Glass,660,1038,00200C9D,0,1,1,4294967295,0,0
SS_Glass,300,1032,0031AB03,0,1,1,4294967295,0,0
SS_Glass,348,972,000FDA2A,0,1,1,4294967295,0,0
SS_Glass,318,972,001DB191,0,1,1,4294967295,0,0
SS_Glass,642,870,002A59BC,0,1,1,4294967295,0,0
SS_Glass,912,870,003D5041,0,1,1,4294967295,0,0
SS_Glass,912,894,0031FA0D,0,1,1,4294967295,0,0
SS_Glass,912,918,0037E2AA,0,1,1,4294967295,0,0
SS_Glass,912,942,0026A6BC,0,1,1,4294967295,0,0
SS_Goal,1650,366,003935AB,0,1,1,4294967295,0,0
SS_Goal,1680,366,00046F00,0,1,1,4294967295,0,0
SS_Goal,1710,366,0035C3FC,0,1,1,4294967295,0,0
SS_Goal,1740,366,001101EF,0,1,1,4294967295,0,0
SS_Goal,1770,366,003020D5,0,1,1,4294967295,0,0
SS_Goal,1986,432,0005315D,0,1,1,4294967295,0,0
SS_Goal,2550,408,0021782E,0,1,1,4294967295,0,0
SS_Goal,2550,270,003F2BBE,0,1,1,4294967295,0,0
SS_Goal,2424,324,002B9C48,0,1,1,4294967295,0,0
SS_Goal,2004,264,002CC43B,0,1,1,4294967295,0,0
SS_Goal,1980,264,0033331A,0,1,1,4294967295,0,0
SS_Goal,1650,318,000A6004,0,1,1,4294967295,0,0
SS_Goal,1650,168,00284D79,0,1,1,4294967295,0,0
SS_Goal,1890,228,0000387E,0,1,1,4294967295,0,0
SS_Goal,2076,156,002625FD,0,1,1,4294967295,0,0
SS_Goal,2304,234,002A4D82,0,1,1,4294967295,0,0
SS_Glass,1662,384,002BC01A,0,1,1,4294967295,0,0
SS_Glass,1686,384,000B5195,0,1,1,4294967295,0,0
SS_Glass,1710,384,000FEABA,0,1,1,4294967295,0,0
SS_Glass,1734,384,000E881E,0,1,1,4294967295,0,0
SS_Glass,1980,432,002E5078,0,1,1,4294967295,0,0
SS_Glass,1980,408,003CC04F,0,1,1,4294967295,0,0
SS_Glass,1980,384,00329BA4,0,1,1,4294967295,0,0
SS_Glass,1980,456,00288D70,0,1,1,4294967295,0,0
SS_Glass,1980,480,001C7FFA,0,1,1,4294967295,0,0
SS_Glass,1980,360,00391E6E,0,1,1,4294967295,0,0
SS_Glass,2232,402,0014EBDF,0,1,1,4294967295,0,0
SS_Glass,2244,384,00133CC8,0,1,1,4294967295,0,0
SS_Glass,2226,372,0002C8FD,0,1,1,4294967295,0,0
SS_Glass,2262,372,0001D7C5,0,1,1,4294967295,0,0
SS_Glass,2256,402,003F027E,0,1,1,4294967295,0,0
SS_Glass,2544,408,0027311E,0,1,1,4294967295,0,0
SS_Glass,2562,342,000689F0,0,1,1,4294967295,0,0
SS_Glass,2526,342,001E16E4,0,1,1,4294967295,0,0
SS_Glass,2544,330,004000AB,0,1,1,4294967295,0,0
SS_Glass,2436,276,000BCED7,0,1,1,4294967295,0,0
SS_Glass,2436,300,001EF91A,0,1,1,4294967295,0,0
SS_Glass,2040,318,00034DA2,0,1,1,4294967295,0,0
SS_Glass,2040,294,003F4C31,0,1,1,4294967295,0,0
SS_Glass,2052,276,0032A1DB,0,1,1,4294967295,0,0
SS_Glass,1728,246,0011B3C0,0,1,1,4294967295,0,0
SS_Glass,1662,246,00124BE6,0,1,1,4294967295,0,0
SS_Glass,1680,246,001DF237,0,1,1,4294967295,0,0
SS_Glass,1710,246,002D4969,0,1,1,4294967295,0,0
SS_Glass,1902,168,000645B1,0,1,1,4294967295,0,0
SS_Glass,1902,192,0040300E,0,1,1,4294967295,0,0
SS_Glass,2088,222,000773BD,0,1,1,4294967295,0,0
SS_Glass,2088,198,002BF9A9,0,1,1,4294967295,0,0
SS_Glass,2316,192,0011DA8A,0,1,1,4294967295,0,0
SS_Glass,2238,972,001F6FFE,0,1,1,4294967295,0,0
SS_Glass,2304,1032,001A5F21,0,1,1,4294967295,0,0
SS_Glass,2274,996,003583AE,0,1,1,4294967295,0,0
SS_Glass,2358,1068,002FB85A,0,1,1,4294967295,0,0
SS_Glass,2406,1068,0007B215,0,1,1,4294967295,0,0
SS_Glass,2382,1068,0024CFDA,0,1,1,4294967295,0,0
SS_Glass,2370,1086,00032412,0,1,1,4294967295,0,0
SS_Glass,2394,1086,0028F788,0,1,1,4294967295,0,0
SS_Glass,2382,1104,0027E2D8,0,1,1,4294967295,0,0
SS_Glass,2370,1050,00007012,0,1,1,4294967295,0,0
SS_Glass,2394,1050,0037E542,0,1,1,4294967295,0,0
SS_Glass,1710,846,003F646A,0,1,1,4294967295,0,0
SS_Glass,1734,846,002476ED,0,1,1,4294967295,0,0
SS_Glass,1758,846,00288B05,0,1,1,4294967295,0,0
SS_Glass,1782,846,00354B24,0,1,1,4294967295,0,0
SS_Glass,1806,846,003BE4CD,0,1,1,4294967295,0,0
SS_Glass,1830,846,0031E526,0,1,1,4294967295,0,0
SS_Glass,1500,876,0032936A,0,1,1,4294967295,0,0
SS_Glass,1512,858,002CC896,0,1,1,4294967295,0,0
SS_Glass,1524,876,0016F6E6,0,1,1,4294967295,0,0
SS_Glass,1536,858,00266BD0,0,1,1,4294967295,0,0
SS_Glass,1548,876,0029B20C,0,1,1,4294967295,0,0
SS_Glass,1560,858,000CC3BD,0,1,1,4294967295,0,0
SS_Glass,1572,876,003C0F6E,0,1,1,4294967295,0,0
SS_Glass,1584,858,00161DBD,0,1,1,4294967295,0,0
SS_Glass,1488,858,001316E0,0,1,1,4294967295,0,0
SS_Glass,1488,894,00057132,0,1,1,4294967295,0,0
SS_Glass,1584,894,003985D8,0,1,1,4294967295,0,0
SS_Glass,1536,894,00158CDE,0,1,1,4294967295,0,0
SS_Glass,1488,990,0038F7A5,0,1,1,4294967295,0,0
SS_Glass,1584,1248,0029C0FD,0,1,1,4294967295,0,0
SS_Glass,1560,1272,0004B0C2,0,1,1,4294967295,0,0
SS_Glass,1488,1218,00131E1E,0,1,1,4294967295,0,0
SS_Glass,1512,1218,0024E711,0,1,1,4294967295,0,0
SS_Glass,1536,1218,00044E27,0,1,1,4294967295,0,0
SS_Glass,1560,1218,0000F0D3,0,1,1,4294967295,0,0
SS_Glass,1584,1218,00064D1D,0,1,1,4294967295,0,0
SS_Glass,1500,1236,0008B24B,0,1,1,4294967295,0,0
SS_Glass,1524,1236,00097279,0,1,1,4294967295,0,0
SS_Glass,1548,1236,000CF506,0,1,1,4294967295,0,0
SS_Goal,1206,1362,00036127,0,1,1,4294967295,0,0
SS_Goal,1206,1338,001BC68E,0,1,1,4294967295,0,0
SS_Goal,1206,1314,00182231,0,1,1,4294967295,0,0
SS_Goal,1206,1290,002C1A90,0,1,1,4294967295,0,0
SS_Goal,1206,1266,00126E7F,0,1,1,4294967295,0,0
SS_Goal,1206,1242,000A7AC8,0,1,1,4294967295,0,0
SS_Goal,1314,1362,00163145,0,1,1,4294967295,0,0
SS_Goal,1314,1338,002BFAFD,0,1,1,4294967295,0,0
SS_Goal,1314,1314,00392045,0,1,1,4294967295,0,0
SS_Glass,1236,1242,00241B73,0,1,1,4294967295,0,0
SS_Glass,1236,1266,003C4F23,0,1,1,4294967295,0,0
SS_Glass,1236,1290,003B5786,0,1,1,4294967295,0,0
SS_Glass,1236,1314,0035BA8A,0,1,1,4294967295,0,0
SS_Glass,1260,1314,003E3816,0,1,1,4294967295,0,0
SS_Glass,1284,1314,0037C5D4,0,1,1,4294967295,0,0
SS_Glass,1308,1314,0032DFB5,0,1,1,4294967295,0,0
SS_Glass,1272,1332,003BCBBB,0,1,1,4294967295,0,0
SS_Glass,1248,1332,001C7209,0,1,1,4294967295,0,0
SS_Glass,1296,1332,001C4EB0,0,1,1,4294967295,0,0
SS_Glass,1326,1302,0025B593,0,1,1,4294967295,0,0
SS_Glass,1488,1482,000E9BA0,0,1,1,4294967295,0,0
SS_Glass,1722,1434,0036844D,0,1,1,4294967295,0,0
SS_Glass,1980,1500,0029A833,0,1,1,4294967295,0,0
SS_Glass,2238,1410,001A515A,0,1,1,4294967295,0,0
SS_Glass,2418,1518,002C7825,0,1,1,4294967295,0,0
SS_Glass,1278,1464,00045868,0,1,1,4294967295,0,0
SS_Glass,966,1410,003CDDDA,0,1,1,4294967295,0,0
SS_Glass,978,1428,00201C8E,0,1,1,4294967295,0,0
SS_Glass,966,1446,00044512,0,1,1,4294967295,0,0
SS_Glass,876,1500,001222D3,0,1,1,4294967295,0,0
SS_Glass,888,1518,00158C5B,0,1,1,4294967295,0,0
SS_Glass,864,1518,0003F0C7,0,1,1,4294967295,0,0
SS_Glass,660,1446,000BEF1C,0,1,1,4294967295,0,0
SS_Glass,426,1458,001EE4FC,0,1,1,4294967295,0,0
SS_Glass,426,1440,0025D092,0,1,1,4294967295,0,0
SS_Glass,402,1440,00383D96,0,1,1,4294967295,0,0
SS_Glass,402,1458,000E369D,0,1,1,4294967295,0,0
SS_Glass,378,1440,002802B5,0,1,1,4294967295,0,0
SS_Glass,378,1458,0030D44D,0,1,1,4294967295,0,0
SS_Glass,354,1440,000F81C0,0,1,1,4294967295,0,0
SS_Glass,354,1458,002606EC,0,1,1,4294967295,0,0
SS_Glass,456,1410,000810CD,0,1,1,4294967295,0,0
SS_Glass,456,1494,0013D57F,0,1,1,4294967295,0,0
SS_Glass,480,1518,000398BD,0,1,1,4294967295,0,0
SS_Glass,480,1392,0021965F,0,1,1,4294967295,0,0
SS_GlassStrong,300,1404,0026A425,0,1,1,4294967295,0,0
SS_GlassStrong,276,1404,001DBEF3,0,1,1,4294967295,0,0
SS_GlassStrong,252,1404,0003E9EE,0,1,1,4294967295,0,0
SS_GlassStrong,228,1404,001F747C,0,1,1,4294967295,0,0
SS_GlassStrong,204,1404,00008996,0,1,1,4294967295,0,0
SS_GlassStrong,180,1404,002B7152,0,1,1,4294967295,0,0
SS_GlassStrong,180,1428,00248EF1,0,1,1,4294967295,0,0
SS_GlassStrong,180,1452,0001DC0D,0,1,1,4294967295,0,0
SS_GlassStrong,180,1476,0029AE13,0,1,1,4294967295,0,0
SS_GlassStrong,192,1494,00129149,0,1,1,4294967295,0,0
SS_GlassStrong,216,1494,000D64FE,0,1,1,4294967295,0,0
SS_GlassStrong,240,1494,002A030C,0,1,1,4294967295,0,0
SS_GlassStrong,264,1494,002B38DE,0,1,1,4294967295,0,0
SS_GlassStrong,288,1494,00308E01,0,1,1,4294967295,0,0
SS_GlassStrong,312,1494,001F56FE,0,1,1,4294967295,0,0
Ring,441,471,0036C340,0,1,1,4294967295,0,0
Ring,441,429,0001807B,0,1,1,4294967295,0,0
Ring,546,363,0002868B,0,1,1,4294967295,0,0
Ring,570,363,000E2107,0,1,1,4294967295,0,0
Ring,594,363,001A6F16,0,1,1,4294967295,0,0
Ring,640,276,003F4D07,0,1,1,4294967295,0,0
Ring,640,236,0002E585,0,1,1,4294967295,0,0
Ring,648,156,00073C41,0,1,1,4294967295,0,0
Ring,680,156,002309CE,0,1,1,4294967295,0,0
Ring,528,188,0030AF12,0,1,1,4294967295,0,0
Ring,464,188,000C2B43,0,1,1,4294967295,0,0
Ring,184,276,00041015,0,1,1,4294967295,0,0
Ring,184,192,0024179A,0,1,1,4294967295,0,0
Ring,272,148,002F53AA,0,1,1,4294967295,0,0
Ring,272,316,001E7118,0,1,1,4294967295,0,0
Ring,256,260,003DB643,0,1,1,4294967295,0,0
Ring,256,208,000389CC,0,1,1,4294967295,0,0
Ring,336,316,001A59FF,0,1,1,4294967295,0,0
Ring,320,300,002AE5C6,0,1,1,4294967295,0,0
Ring,336,280,000240C1,0,1,1,4294967295,0,0
Ring,392,404,003729AD,0,1,1,4294967295,0,0
Ring,488,404,00036F72,0,1,1,4294967295,0,0
Ring,288,692,001D9F6E,0,1,1,4294967295,0,0
Ring,288,636,00043053,0,1,1,4294967295,0,0
Ring,312,644,000F1FA1,0,1,1,4294967295,0,0
Ring,312,688,0028F410,0,1,1,4294967295,0,0
Ring,328,664,002CCAE2,0,1,1,4294967295,0,0
Ring,296,668,003E4D2B,0,1,1,4294967295,0,0
Ring,288,660,000383A7,0,1,1,4294967295,0,0
Ring,424,792,00280FE6,0,1,1,4294967295,0,0
Ring,456,820,0002A3F3,0,1,1,4294967295,0,0
Ring,448,796,0026627A,0,1,1,4294967295,0,0
Ring,424,768,003B47CC,0,1,1,4294967295,0,0
Ring,400,760,0024C83C,0,1,1,4294967295,0,0
Ring,464,632,002D065C,0,1,1,4294967295,0,0
Ring,624,740,0030C19C,0,1,1,4294967295,0,0
Ring,1016,768,0020DF76,0,1,1,4294967295,0,0
Ring,1088,596,002EEDA0,0,1,1,4294967295,0,0
Ring,1328,712,00031C69,0,1,1,4294967295,0,0
Ring,1384,648,003297C1,0,1,1,4294967295,0,0
Ring,1384,708,0024E4FA,0,1,1,4294967295,0,0
Ring,1328,648,00013E90,0,1,1,4294967295,0,0
Ring,1352,796,00112930,0,1,1,4294967295,0,0
Ring,1760,672,000C1EBD,0,1,1,4294967295,0,0
Ring,1760,696,0017814C,0,1,1,4294967295,0,0
Ring,1808,672,0006C5F8,0,1,1,4294967295,0,0
Ring,1808,696,00177355,0,1,1,4294967295,0,0
Ring,1520,744,000ACD87,0,1,1,4294967295,0,0
Ring,1760,916,001E4D38,0,1,1,4294967295,0,0
Ring,1848,996,001D8449,0,1,1,4294967295,0,0
Ring,1760,1056,000B9B0E,0,1,1,4294967295,0,0
Ring,1960,1148,00056D0C,0,1,1,4294967295,0,0
Ring,2016,968,0010FA3B,0,1,1,4294967295,0,0
Ring,2096,888,0025EA7C,0,1,1,4294967295,0,0
Ring,2136,948,000ED63A,0,1,1,4294967295,0,0
Ring,2144,1084,00083B25,0,1,1,4294967295,0,0
Ring,1944,744,001EFA3C,0,1,1,4294967295,0,0
Ring,2128,632,0037C010,0,1,1,4294967295,0,0
Ring,2232,736,0020F189,0,1,1,4294967295,0,0
Ring,2312,924,0031760F,0,1,1,4294967295,0,0
Ring,2360,1140,002A464E,0,1,1,4294967295,0,0
Ring,2360,1168,002714D0,0,1,1,4294967295,0,0
Ring,2360,1196,0027BFC0,0,1,1,4294967295,0,0
Ring,1712,420,0031D12E,0,1,1,4294967295,0,0
Ring,1880,448,0018C878,0,1,1,4294967295,0,0
Ring,2152,468,00162E90,0,1,1,4294967295,0,0
Ring,2456,460,0031DB2E,0,1,1,4294967295,0,0
Ring,2456,508,0035CC46,0,1,1,4294967295,0,0
Ring,2456,484,002A5A9F,0,1,1,4294967295,0,0
Ring,2432,484,001D41BA,0,1,1,4294967295,0,0
Ring,2440,468,002AD825,0,1,1,4294967295,0,0
Ring,2440,500,00075E86,0,1,1,4294967295,0,0
Ring,2376,480,003116D3,0,1,1,4294967295,0,0
Ring,2368,392,002431A4,0,1,1,4294967295,0,0
Ring,2296,292,00090F07,0,1,1,4294967295,0,0
Ring,2192,296,000F083C,0,1,1,4294967295,0,0
Ring,2000,288,001DB2D3,0,1,1,4294967295,0,0
Ring,1664,272,001988E1,0,1,1,4294967295,0,0
Ring,1664,212,000B8857,0,1,1,4294967295,0,0
Ring,1968,176,0022C19C,0,1,1,4294967295,0,0
Ring,2152,212,001CEFEB,0,1,1,4294967295,0,0
Ring,1488,1076,00011489,0,1,1,4294967295,0,0
Ring,1488,1096,002E17B5,0,1,1,4294967295,0,0
Ring,1488,1116,002A44F7,0,1,1,4294967295,0,0
Ring,1536,1272,0014E825,0,1,1,4294967295,0,0
Ring,1560,1252,00257683,0,1,1,4294967295,0,0
Ring,1440,1260,000C0220,0,1,1,4294967295,0,0
Ring,1376,1260,0028FCD0,0,1,1,4294967295,0,0
Ring,1248,1360,002309D4,0,1,1,4294967295,0,0
Ring,1296,1360,00061EEA,0,1,1,4294967295,0,0
Ring,1432,1496,00395620,0,1,1,4294967295,0,0
Ring,1656,1440,001104AA,0,1,1,4294967295,0,0
Ring,1880,1504,000770C6,0,1,1,4294967295,0,0
Ring,2024,1432,003157B8,0,1,1,4294967295,0,0
Ring,2216,1504,002475C3,0,1,1,4294967295,0,0
Ring,2384,1464,0013051E,0,1,1,4294967295,0,0
Ring,2536,1416,003FB0A6,0,1,1,4294967295,0,0
Ring,2536,1440,003DCD90,0,1,1,4294967295,0,0
Ring,2536,1464,002F64E2,0,1,1,4294967295,0,0
Ring,2536,1488,002C880F,0,1,1,4294967295,0,0
Ring,2536,1512,001ACF44,0,1,1,4294967295,0,0
Ring,2512,1424,0036C0EC,0,1,1,4294967295,0,0
Ring,2512,1504,002F231E,0,1,1,4294967295,0,0
Ring,952,1432,0008F91D,0,1,1,4294967295,0,0
Ring,808,1424,002DB06B,0,1,1,4294967295,0,0
Ring,880,1424,000FD4BC,0,1,1,4294967295,0,0
Ring,872,1520,001E8A60,0,1,1,4294967295,0,0
Ring,480,1416,00195087,0,1,1,4294967295,0,0
Ring,480,1488,000CCB7D,0,1,1,4294967295,0,0
Ring,976,976,000EBF49,0,1,1,4294967295,0,0
Ring,1072,1128,00186F4B,0,1,1,4294967295,0,0
Ring,1072,1144,001126AC,0,1,1,4294967295,0,0
Ring,976,992,0013F6C4,0,1,1,4294967295,0,0
Ring,1016,1248,00239A34,0,1,1,4294967295,0,0
Ring,1016,1224,00007707,0,1,1,4294967295,0,0
Ring,624,1256,001214E7,0,1,1,4294967295,0,0
Ring,520,1256,00033A5A,0,1,1,4294967295,0,0
Ring,328,1248,003D1B5F,0,1,1,4294967295,0,0
Ring,320,1224,0012FEBD,0,1,1,4294967295,0,0
Ring,296,1224,00136EBD,0,1,1,4294967295,0,0
Ring,312,1080,0015F674,0,1,1,4294967295,0,0
Ring,328,1080,003226ED,0,1,1,4294967295,0,0
Ring,344,1080,0020976D,0,1,1,4294967295,0,0
Ring,528,1088,002C476F,0,1,1,4294967295,0,0
Ring,744,1088,003E876B,0,1,1,4294967295,0,0
Ring,920,1096,002CC184,0,1,1,4294967295,0,0
Ring,920,1032,000EFCC3,0,1,1,4294967295,0,0
Ring,792,1008,00310732,0,1,1,4294967295,0,0
Ring,520,1016,00083331,0,1,1,4294967295,0,0
Ring,312,872,000FAF26,0,1,1,4294967295,0,0
Ring,344,872,0004BCC7,0,1,1,4294967295,0,0
Ring,376,872,0029419B,0,1,1,4294967295,0,0
Ring,712,872,002F8FC7,0,1,1,4294967295,0,0
Ring,724,696,00245012,0,1,1,4294967295,0,0
Ring,1184,728,0036864F,0,1,1,4294967295,0,0
Ring,1020,912,002F3461,0,1,1,4294967295,0,0
Ring,1656,632,0009CCEB,0,1,1,4294967295,0,0
Ring,1144,1440,00287DBE,0,1,1,4294967295,0,0
Ring,1324,1488,001CDE6A,0,1,1,4294967295,0,0
Ring,1628,1496,001C5D56,0,1,1,4294967295,0,0
Ring,2088,1456,0034721C,0,1,1,4294967295,0,0
Ring,2316,1496,002B3BF2,0,1,1,4294967295,0,0
Ring,296,1448,002CB2B9,0,1,1,4294967295,0,0
Ring,256,1448,00377F77,0,1,1,4294967295,0,0
Ring,404,1216,0000CCE5,0,1,1,4294967295,0,0
Ring,464,1224,002FDC3E,0,1,1,4294967295,0,0
Ring,808,1232,00333BDE,0,1,1,4294967295,0,0
Ring,912,1224,002405E6,0,1,1,4294967295,0,0
Ring,832,1104,0035E329,0,1,1,4294967295,0,0
Ring,628,1112,00244E27,0,1,1,4294967295,0,0
Ring,696,1024,001296DE,0,1,1,4294967295,0,0
Ring,428,1024,002A5513,0,1,1,4294967295,0,0
Ring,504,880,003BB9EA,0,1,1,4294967295,0,0
Ring,664,928,000572AD,0,1,1,4294967295,0,0
Ring,764,920,00230890,0,1,1,4294967295,0,0
Ring,496,168,0036DF31,0,1,1,4294967295,0,0
SS_Bumper,2064,928,002AA052,0,1,1,4294967295,0,0
Amy_Ball,992,336,001C5B99,0,1,1,4294967295,0,0
SS_PassPiece,208,1450,000E9E91,0,1,1,4294967295,0,0
SS_PassPiece,2368,192,0006D918,0,1,1,4294967295,0,0
SS_PassPiece,192,222,00351753,0,1,1,4294967295,0,0
SS_PassPiece,870,906,000E0A8A,0,1,1,4294967295,0,0
SS_Bumper,992,632,00128CA9,0,1,1,4294967295,0,0
SS_Bumper,796,768,00050376,0,1,1,4294967295,0,0
SS_Bumper,368,664,003E7B2C,0,1,1,4294967295,0,0
SS_Bumper,424,312,000C600B,0,1,1,4294967295,0,0
SS_Bumper,308,160,00183233,0,1,1,4294967295,0,0
SS_Bumper,1216,608,0026892C,0,1,1,4294967295,0,0
SS_Bumper,1776,960,003E20F2,0,1,1,4294967295,0,0
SS_Bumper,2028,696,003EDDE8,0,1,1,4294967295,0,0
SS_Bumper,2312,840,0030BAFD,0,1,1,4294967295,0,0
SS_Bumper,1820,432,002EBDD1,0,1,1,4294967295,0,0
SS_Bumper,2276,464,001C6EA0,0,1,1,4294967295,0,0
SS_Bumper,1552,944,00101B09,0,1,1,4294967295,0,0
SS_Bumper,1420,1432,0007A882,0,1,1,4294967295,0,0
SS_Bumper,1868,1440,000B4780,0,1,1,4294967295,0,0
SS_Bumper,2308,1456,000A0B58,0,1,1,4294967295,0,0
SS_Bumper,696,1464,001DF7DD,0,1,1,4294967295,0,0
SS_Bumper,1004,1016,003683C4,0,1,1,4294967295,0,0
SS_Bumper,520,928,000B6F8B,0,1,1,4294967295,0,0
SS_Bumper,936,272,001ED224,0,1,1,4294967295,0,0
SS_Bumper,1004,272,00100FF9,0,1,1,4294967295,0,0
SS_Solid,128,112,002ACC37,0,1,1,4294967295,0,0
oRotate,16,0,00049093,0,1,1,4294967295,0,0
