RI_Back,0,0,0026ADC0,0,1,1,4294967295,0,0
RI_Ground,96,656,003929AD,0,1,1,4294967295,0,0
RF_121,0,0,0028F9B6,0,1,1,4294967295,0,0
RI_Ground,-144,656,003E73CA,0,1,1,4294967295,0,0
RI_Ground,352,656,000427C7,0,1,1,4294967295,0,0
RI_Ground,1376,848,000B308B,0,1,1,4294967295,0,0
RI_Ground,1632,848,003690FE,0,1,1,4294967295,0,0
RI_Ground,1888,744,0029B05D,0,1,1,4294967295,0,0
RI_Ground,2144,658,003DD24D,0,1,1,4294967295,0,0
RI_Ground,2400,578,00126158,0,1,1,4294967295,0,0
RI_Ground,2656,578,0037BADD,0,1,1,4294967295,0,0
RI_Ground,4448,450,002AFC0A,0,1,1,4294967295,0,0
RI_Ground,4704,450,00392D10,0,1,1,4294967295,0,0
RI_Ground,4960,450,003D40DF,0,1,1,4294967295,0,0
RI_Ground,5808,450,0034255B,0,1,1,4294967295,0,0
RI_Ground,6064,450,0031DBC2,0,1,1,4294967295,0,0
RI_Ground,6320,450,000306FB,0,1,1,4294967295,0,0
RI_Ground,6576,450,001509C6,0,1,1,4294967295,0,0
RI_Ground,6832,450,003E8CE4,0,1,1,4294967295,0,0
RI_Ground,7088,450,003526F0,0,1,1,4294967295,0,0
RI_Ground,7344,450,001E665A,0,1,1,4294967295,0,0
RI_Ground,7600,450,0006B681,0,1,1,4294967295,0,0
RI_Ground,7856,450,00064819,0,1,1,4294967295,0,0
RI_Ground,5216,951,00291F71,0,1,1,4294967295,0,0
RI_Ground,5552,951,001DA7A7,0,1,1,4294967295,0,0
RI_Ground,5408,951,0023077A,0,1,1,4294967295,0,0
DianaRI_Motobug,312,643,000BB6CD,0,1,1,4294967295,0,0
Ring,40,639,001B034B,0,1,1,4294967295,0,0
DianaRI_Motobug,1640,830,00398272,0,1,1,4294967295,0,0
DianaRI_Motobug,2280,644,0004A133,0,1,1,4294967295,0,0
DianaRI_Motobug,2696,564,0009A388,0,1,1,4294967295,0,0
RI_D_Checker1,5160,250,0024C1FD,0,1,1,4294967295,0,0
RI_D_Checker2,5464,647,001E8287,0,1,1,4294967295,0,0
RI_D_Checker2,5704,647,0000A4B8,0,1,1,4294967295,0,0
RI_D_Checker3,5872,226,003BD8B3,0,1,1,4294967295,0,0
RI_D_Jaiz,7008,437,00059FDF,0,1,1,4294967295,0,0
RI_SlopeGroundL,736,722,00082A51,0,1,1,4294967295,0,0
RI_SlopeGroundL,992,786,0017402B,0,1,1,4294967295,0,0
RI_SlopeGroundL,1248,850,002EB252,0,1,1,4294967295,0,0
RI_SlopeGroundR,3040,580,00329D09,0,1,1,4294967295,0,0
RI_SlopeGroundR,3296,516,003BD29F,0,1,1,4294967295,0,0
RI_SlopeGroundL,3552,516,0016AFB1,0,1,1,4294967295,0,0
RI_SlopeGroundL,3808,580,0033FA57,0,1,1,4294967295,0,0
RI_SlopeGroundR,4064,580,00087F84,0,1,1,4294967295,0,0
RI_SlopeGroundR,4320,516,00363596,0,1,1,4294967295,0,0
Solid_Line,5216,518,001D0ED6,0,1,1,4294967295,0,0
Solid_Line,5216,608,003CDE0D,0,1,1,4294967295,0,0
Solid_Line,5216,703,00370C74,0,1,1,4294967295,0,0
Solid_Line,5216,793,002E926C,0,1,1,4294967295,0,0
Solid_Line,5216,883,00295074,0,1,1,4294967295,0,0
Solid_Line,5216,943,000F7D0A,0,1,1,4294967295,0,0
Solid_Line,5808,516,00076497,0,1,1,4294967295,0,0
Solid_Line,5808,611,0018B6F4,0,1,1,4294967295,0,0
Solid_Line,5808,702,0039E7E7,0,1,1,4294967295,0,0
Solid_Line,5808,801,003C9E38,0,1,1,4294967295,0,0
Solid_Line,5808,888,00325D4E,0,1,1,4294967295,0,0
Solid_Line,5808,956,0001518C,0,1,1,4294967295,0,0
Solid_Line,7984,434,00040EF4,0,1,1,4294967295,0,0
Solid_Line,7984,360,000F5594,0,1,1,4294967295,0,0
Solid_Line,7984,282,0023317E,0,1,1,4294967295,0,0
Solid_Line,7984,194,0026C7D5,0,1,1,4294967295,0,0
Solid_Line,7984,119,001CB7EC,0,1,1,4294967295,0,0
Solid_Line,7984,25,00323A71,0,1,1,4294967295,0,0
Solid_Line,16,631,00314C03,0,1,1,4294967295,0,0
Solid_Line,16,549,0008B57C,0,1,1,4294967295,0,0
Solid_Line,16,474,00354D73,0,1,1,4294967295,0,0
Solid_Line,16,383,0001FE12,0,1,1,4294967295,0,0
Solid_Line,16,309,00166F77,0,1,1,4294967295,0,0
Solid_Line,16,219,003D52B2,0,1,1,4294967295,0,0
Solid_Line,16,138,0029A68E,0,1,1,4294967295,0,0
Solid_Line,16,48,002C3AC5,0,1,1,4294967295,0,0
Solid_Line,1888,853,00075E2F,0,1,1,4294967295,0,0
Solid_Line,1888,806,00200966,0,1,1,4294967295,0,0
Solid_Line,2144,758,00220385,0,1,1,4294967295,0,0
Solid_Line,2144,719,0031DFD9,0,1,1,4294967295,0,0
Solid_Line,2400,643,00192CBE,0,1,1,4294967295,0,0
