MB_Ground,128,416,0024732D,0,1,1,4294967295,0,0
MB_Ground,384,416,00208DD3,0,1,1,4294967295,0,0
MB_Ground,624,416,000F7363,0,1,1,4294967295,0,0
Fain_Amy,198,358,001951DC,0,1,1,4294967295,0,0
Fain_Sally,256,362,0014FBDE,0,1,1,4294967295,0,0
Fain_Cream,304,364,0032CEDF,0,1,1,4294967295,0,0
MB_Exetior,390,364,00101A7B,0,1,1,4294967295,0,0
MB_Ground,880,416,000B146B,0,1,1,4294967295,0,0
MB_Trasher,0,0,002F82B4,0,1,1,4294967295,0,0
MB_Cage,245,336,003793AF,0,1,1,4294967295,0,0
Solid_Line,16,352,002E5FE0,0,1,1,4294967295,0,0
Solid_Line,16,256,00107B7C,0,1,1,4294967295,0,0
Solid_Line,16,160,003D519A,0,1,1,4294967295,0,0
Solid_Line,16,80,0029B52E,0,1,1,4294967295,0,0
Solid_Line,16,0,0038917D,0,1,1,4294967295,0,0
