backRI_Trees,16,4864,0,0,71,156,0,1,1,4294967295
backRI_Trees,192,4864,0,0,71,156,0,1,1,4294967295
backRI_Trees,528,4864,0,0,71,156,0,1,1,4294967295
backRI_Trees,912,4928,0,0,71,156,0,1,1,4294967295
backRI_Trees,1104,4944,0,0,71,156,0,1,1,4294967295
backRI_Trees,1680,4960,0,0,71,156,0,1,1,4294967295
backRI_Trees,1904,5008,0,0,71,156,0,1,1,4294967295
backRI_Trees,2352,5104,0,0,71,156,0,1,1,4294967295
backRI_Trees,2464,5104,0,0,71,156,0,1,1,4294967295
backRI_Trees,3488,5104,0,0,71,156,0,1,1,4294967295
backRI_Trees,4128,5120,0,0,71,156,0,1,1,4294967295
backRI_Trees,4240,5104,0,0,71,156,0,1,1,4294967295
backRI_Trees,4016,5104,0,0,71,156,0,1,1,4294967295
backRI_Trees,5024,5040,0,0,71,156,0,1,1,4294967295
backRI_Trees,5328,5040,0,0,71,156,0,1,1,4294967295
backRI_Trees,6240,4976,0,0,71,156,0,1,1,4294967295
backRI_Trees,6544,4992,0,0,71,156,0,1,1,4294967295
backRI_Trees,6880,4976,0,0,71,156,0,1,1,4294967295
backRI_Trees,7392,5024,0,0,71,156,0,1,1,4294967295
backRI_Trees,7632,5024,0,0,71,156,0,1,1,4294967295
backRI_Trees,7856,5024,0,0,71,156,0,1,1,4294967295
backRI_Trees,8064,5008,0,0,71,156,0,1,1,4294967295
backRI_Trees,8368,5008,0,0,71,156,0,1,1,4294967295
backRI_Trees,8736,4944,0,0,71,156,0,1,1,4294967295
backRI_Trees,9616,4992,0,0,71,156,0,1,1,4294967295
backRI_Trees,10832,5040,0,0,71,156,0,1,1,4294967295
backRI_Trees,11952,4080,0,0,71,156,0,1,1,4294967295
backRI_Trees,11888,4064,0,0,71,156,0,1,1,4294967295
backRI_Trees,11824,4096,0,0,71,156,0,1,1,4294967295
backRI_Trees,11424,4064,0,0,71,156,0,1,1,4294967295
backRI_Trees,10608,4352,0,0,71,156,0,1,1,4294967295
backRI_Trees,9680,4032,0,0,71,156,0,1,1,4294967295
backRI_Trees,9552,4032,0,0,71,156,0,1,1,4294967295
backRI_Trees,8416,3808,0,0,71,156,0,1,1,4294967295
backRI_Trees,8064,4416,0,0,71,156,0,1,1,4294967295
backRI_Trees,8528,4416,0,0,71,156,0,1,1,4294967295
backRI_Trees,7312,4320,0,0,71,156,0,1,1,4294967295
backRI_Trees,6528,4208,0,0,71,156,0,1,1,4294967295
backRI_Trees,6352,4208,0,0,71,156,0,1,1,4294967295
backRI_Trees,6000,4208,0,0,71,156,0,1,1,4294967295
backRI_Trees,5488,3696,0,0,71,156,0,1,1,4294967295
backRI_Trees,5312,3648,0,0,71,156,0,1,1,4294967295
backRI_Trees,5024,3648,0,0,71,156,0,1,1,4294967295
backRI_Trees,4800,3648,0,0,71,156,0,1,1,4294967295
backRI_Trees,4525,3592,0,0,71,156,0,1,1,4294967295
backRI_Trees,4032,3456,0,0,71,156,0,1,1,4294967295
backRI_Trees,3408,3536,0,0,71,156,0,1,1,4294967295
backRI_Trees,3392,2416,0,0,71,156,0,1,1,4294967295
backRI_Trees,2880,2416,0,0,71,156,0,1,1,4294967295
backRI_Trees,3808,2416,0,0,71,156,0,1,1,4294967295
backRI_Trees,3936,2416,0,0,71,156,0,1,1,4294967295
backRI_Trees,4064,2416,0,0,71,156,0,1,1,4294967295
backRI_Trees,4560,2416,0,0,71,156,0,1,1,4294967295
backRI_Trees,2304,2416,0,0,71,156,0,1,1,4294967295
backRI_Trees,1920,2416,0,0,71,156,0,1,1,4294967295
backRI_Trees,4608,2896,0,0,71,156,0,1,1,4294967295
backRI_Trees,5344,3200,0,0,71,156,0,1,1,4294967295
backRI_Trees,5216,3200,0,0,71,156,0,1,1,4294967295
backRI_Trees,7888,3200,0,0,71,156,0,1,1,4294967295
backRI_Trees,8128,3200,0,0,71,156,0,1,1,4294967295
backRI_Trees,8464,3232,0,0,71,156,0,1,1,4294967295
backRI_Trees,8816,3232,0,0,71,156,0,1,1,4294967295
backRI_Trees,10240,3088,0,0,71,156,0,1,1,4294967295
backRI_Trees,10160,3104,0,0,71,156,0,1,1,4294967295
backRI_Trees,11152,3088,0,0,71,156,0,1,1,4294967295
backRI_Trees,11488,3088,0,0,71,156,0,1,1,4294967295
backRI_Trees,11712,3152,0,0,71,156,0,1,1,4294967295
backRI_Trees,11888,3152,0,0,71,156,0,1,1,4294967295
backRI_Trees,9920,2400,0,0,71,156,0,1,1,4294967295
backRI_Trees,10384,2304,0,0,71,156,0,1,1,4294967295
backRI_Trees,10752,2304,0,0,71,156,0,1,1,4294967295
backRI_Trees,11904,1808,0,0,71,156,0,1,1,4294967295
backRI_Trees,10112,1872,0,0,71,156,0,1,1,4294967295
backRI_Trees,9392,1840,0,0,71,156,0,1,1,4294967295
backRI_Trees,8784,1920,0,0,71,156,0,1,1,4294967295
backRI_Trees,8656,1920,0,0,71,156,0,1,1,4294967295
backRI_Trees,8432,1872,0,0,71,156,0,1,1,4294967295
backRI_Trees,8144,1872,0,0,71,156,0,1,1,4294967295
backRI_Trees,6240,1872,0,0,71,156,0,1,1,4294967295
backRI_Trees,6032,1888,0,0,71,156,0,1,1,4294967295
backRI_Trees,5632,1872,0,0,71,156,0,1,1,4294967295
backRI_Trees,4704,1840,0,0,71,156,0,1,1,4294967295
backRI_Trees,4464,1888,0,0,71,156,0,1,1,4294967295
backRI_Trees,4304,1888,0,0,71,156,0,1,1,4294967295
backRI_Trees,2928,4336,0,0,71,156,0,1,1,4294967295
backRI_Trees,2496,4416,0,0,71,156,0,1,1,4294967295
backRI_Trees,2208,4400,0,0,71,156,0,1,1,4294967295
backRI_Trees,1776,4304,0,0,71,156,0,1,1,4294967295
backRI_Trees,1392,4256,0,0,71,156,0,1,1,4294967295
backRI_Trees,1248,4272,0,0,71,156,0,1,1,4294967295
backRI_Trees,1072,4256,0,0,71,156,0,1,1,4294967295
backRI_Trees,656,4048,0,0,71,156,0,1,1,4294967295
backRI_Trees,304,4048,0,0,71,156,0,1,1,4294967295
backRI_Trees,352,3536,0,0,71,156,0,1,1,4294967295
backRI_Trees,1008,3488,0,0,71,156,0,1,1,4294967295
backRI_Trees,1344,3296,0,0,71,156,0,1,1,4294967295
backRI_Trees,1616,3296,0,0,71,156,0,1,1,4294967295
backRI_Trees,1968,3120,0,0,71,156,0,1,1,4294967295
backRI_Trees,2464,3120,0,0,71,156,0,1,1,4294967295
backRI_Flower1,432,4944,0,0,32,77,0,1,1,4294967295
backRI_Flower1,256,5216,0,0,32,77,0,1,1,4294967295
backRI_Flower1,576,5216,0,0,32,77,0,1,1,4294967295
backRI_Flower1,48,5216,0,0,32,77,0,1,1,4294967295
backRI_Flower1,1424,5040,0,0,32,77,0,1,1,4294967295
backRI_Flower1,1872,5088,0,0,32,77,0,1,1,4294967295
backRI_Flower1,3312,5184,0,0,32,77,0,1,1,4294967295
backRI_Flower1,3920,5184,0,0,32,77,0,1,1,4294967295
backRI_Flower1,4464,5184,0,0,32,77,0,1,1,4294967295
backRI_Flower1,4832,5152,0,0,32,77,0,1,1,4294967295
backRI_Flower1,5264,5120,0,0,32,77,0,1,1,4294967295
backRI_Flower1,6016,5104,0,0,32,77,0,1,1,4294967295
backRI_Flower1,6096,5104,0,0,32,77,0,1,1,4294967295
backRI_Flower1,6672,5056,0,0,32,77,0,1,1,4294967295
backRI_Flower1,6736,5056,0,0,32,77,0,1,1,4294967295
backRI_Flower1,7168,5056,0,0,32,77,0,1,1,4294967295
backRI_Flower1,7584,5104,0,0,32,77,0,1,1,4294967295
backRI_Flower1,7488,5104,0,0,32,77,0,1,1,4294967295
backRI_Flower1,8016,5072,0,0,32,77,0,1,1,4294967295
backRI_Flower1,8528,5024,0,0,32,77,0,1,1,4294967295
backRI_Flower1,8640,5024,0,0,32,77,0,1,1,4294967295
backRI_Flower1,8912,5024,0,0,32,77,0,1,1,4294967295
backRI_Flower1,9120,5072,0,0,32,77,0,1,1,4294967295
backRI_Flower1,9424,5072,0,0,32,77,0,1,1,4294967295
backRI_Flower1,9568,5072,0,0,32,77,0,1,1,4294967295
backRI_Flower1,10048,5024,0,0,32,77,0,1,1,4294967295
backRI_Flower1,10208,5024,0,0,32,77,0,1,1,4294967295
backRI_Flower1,10256,5024,0,0,32,77,0,1,1,4294967295
backRI_Flower1,10752,4992,0,0,32,77,0,1,1,4294967295
backRI_Flower1,10960,4432,0,0,32,77,0,1,1,4294967295
backRI_Flower1,10368,4432,0,0,32,77,0,1,1,4294967295
backRI_Flower1,11120,4144,0,0,32,77,0,1,1,4294967295
backRI_Flower1,11344,4144,0,0,32,77,0,1,1,4294967295
backRI_Flower1,11744,4144,0,0,32,77,0,1,1,4294967295
backRI_Flower1,8896,4464,0,0,32,77,0,1,1,4294967295
backRI_Flower1,8640,4496,0,0,32,77,0,1,1,4294967295
backRI_Flower1,8368,4512,0,0,32,77,0,1,1,4294967295
backRI_Flower1,7808,4448,0,0,32,77,0,1,1,4294967295
backRI_Flower1,7264,4400,0,0,32,77,0,1,1,4294967295
backRI_Flower1,6640,4288,0,0,32,77,0,1,1,4294967295
backRI_Flower1,5888,4288,0,0,32,77,0,1,1,4294967295
backRI_Flower1,6112,4288,0,0,32,77,0,1,1,4294967295
backRI_Flower1,5616,3776,0,0,32,77,0,1,1,4294967295
backRI_Flower1,4752,3728,0,0,32,77,0,1,1,4294967295
backRI_Flower1,4112,3536,0,0,32,77,0,1,1,4294967295
backRI_Flower1,3728,3536,0,0,32,77,0,1,1,4294967295
backRI_Flower1,3120,3616,0,0,32,77,0,1,1,4294967295
backRI_Flower1,3728,2496,0,0,32,77,0,1,1,4294967295
backRI_Flower1,3008,2496,0,0,32,77,0,1,1,4294967295
backRI_Flower1,4448,2496,0,0,32,77,0,1,1,4294967295
backRI_Flower1,4784,2496,0,0,32,77,0,1,1,4294967295
backRI_Flower1,2608,2496,0,0,32,77,0,1,1,4294967295
backRI_Flower1,2176,2496,0,0,32,77,0,1,1,4294967295
backRI_Flower1,4208,2928,0,0,32,77,0,1,1,4294967295
backRI_Flower1,4736,3024,0,0,32,77,0,1,1,4294967295
backRI_Flower1,8240,3280,0,0,32,77,0,1,1,4294967295
backRI_Flower1,8656,3312,0,0,32,77,0,1,1,4294967295
backRI_Flower1,8928,3312,0,0,32,77,0,1,1,4294967295
backRI_Flower1,9200,3264,0,0,32,77,0,1,1,4294967295
backRI_Flower1,9120,3264,0,0,32,77,0,1,1,4294967295
backRI_Flower1,10000,3168,0,0,32,77,0,1,1,4294967295
backRI_Flower1,9712,3168,0,0,32,77,0,1,1,4294967295
backRI_Flower1,11344,3168,0,0,32,77,0,1,1,4294967295
backRI_Flower1,11440,3168,0,0,32,77,0,1,1,4294967295
backRI_Flower1,11008,1936,0,0,32,77,0,1,1,4294967295
backRI_Flower1,10864,1936,0,0,32,77,0,1,1,4294967295
backRI_Flower1,10288,2432,0,0,32,77,0,1,1,4294967295
backRI_Flower1,9584,2528,0,0,32,77,0,1,1,4294967295
backRI_Flower1,10352,2000,0,0,32,77,0,1,1,4294967295
backRI_Flower1,10496,2016,0,0,32,77,0,1,1,4294967295
backRI_Flower1,9792,1904,0,0,32,77,0,1,1,4294967295
backRI_Flower1,9296,1904,0,0,32,77,0,1,1,4294967295
backRI_Flower1,9664,1904,0,0,32,77,0,1,1,4294967295
backRI_Flower1,8992,2048,0,0,32,77,0,1,1,4294967295
backRI_Flower1,9184,2048,0,0,32,77,0,1,1,4294967295
backRI_Flower1,8576,1968,0,0,32,77,0,1,1,4294967295
backRI_Flower1,5952,1952,0,0,32,77,0,1,1,4294967295
backRI_Flower1,5216,1872,0,0,32,77,0,1,1,4294967295
backRI_Flower1,4864,1872,0,0,32,77,0,1,1,4294967295
backRI_Flower1,4400,1968,0,0,32,77,0,1,1,4294967295
backRI_Flower1,2336,3200,0,0,32,77,0,1,1,4294967295
backRI_Flower1,2048,3200,0,0,32,77,0,1,1,4294967295
backRI_Flower1,1568,3376,0,0,32,77,0,1,1,4294967295
backRI_Flower1,800,3584,0,0,32,77,0,1,1,4294967295
backRI_Flower1,512,3616,0,0,32,77,0,1,1,4294967295
backRI_Flower1,48,3616,0,0,32,77,0,1,1,4294967295
backRI_Flower1,0,3616,0,0,32,77,0,1,1,4294967295
backRI_Flower1,208,4128,0,0,32,77,0,1,1,4294967295
backRI_Flower1,592,4128,0,0,32,77,0,1,1,4294967295
backRI_Flower1,96,4128,0,0,32,77,0,1,1,4294967295
backRI_Flower1,928,4336,0,0,32,77,0,1,1,4294967295
backRI_Flower1,1728,4384,0,0,32,77,0,1,1,4294967295
backRI_Flower1,2816,4448,0,0,32,77,0,1,1,4294967295
backRI_Flower2,368,5232,0,0,31,51,0,1,1,4294967295
backRI_Flower2,528,5232,0,0,31,51,0,1,1,4294967295
backRI_Flower2,96,5232,0,0,31,51,0,1,1,4294967295
backRI_Flower2,464,5232,0,0,31,51,0,1,1,4294967295
backRI_Flower2,0,4960,0,0,31,51,0,1,1,4294967295
backRI_Flower2,256,4960,0,0,31,51,0,1,1,4294967295
backRI_Flower2,976,5008,0,0,31,51,0,1,1,4294967295
backRI_Flower2,2096,5152,0,0,31,51,0,1,1,4294967295
backRI_Flower2,2176,5152,0,0,31,51,0,1,1,4294967295
backRI_Flower2,2256,5152,0,0,31,51,0,1,1,4294967295
backRI_Flower2,4224,5200,0,0,31,51,0,1,1,4294967295
backRI_Flower2,4768,5168,0,0,31,51,0,1,1,4294967295
backRI_Flower2,5024,5136,0,0,31,51,0,1,1,4294967295
backRI_Flower2,5616,5184,0,0,31,51,0,1,1,4294967295
backRI_Flower2,5888,5152,0,0,31,51,0,1,1,4294967295
backRI_Flower2,5712,5152,0,0,31,51,0,1,1,4294967295
backRI_Flower2,6528,5072,0,0,31,51,0,1,1,4294967295
backRI_Flower2,6960,5072,0,0,31,51,0,1,1,4294967295
backRI_Flower2,7376,5120,0,0,31,51,0,1,1,4294967295
backRI_Flower2,8352,5088,0,0,31,51,0,1,1,4294967295
backRI_Flower2,8816,5040,0,0,31,51,0,1,1,4294967295
backRI_Flower2,9744,5088,0,0,31,51,0,1,1,4294967295
backRI_Flower2,10560,5008,0,0,31,51,0,1,1,4294967295
backRI_Flower2,11248,4160,0,0,31,51,0,1,1,4294967295
backRI_Flower2,11488,4160,0,0,31,51,0,1,1,4294967295
backRI_Flower2,10672,4448,0,0,31,51,0,1,1,4294967295
backRI_Flower2,9952,4384,0,0,31,51,0,1,1,4294967295
backRI_Flower2,9456,4064,0,0,31,51,0,1,1,4294967295
backRI_Flower2,8832,3952,0,0,31,51,0,1,1,4294967295
backRI_Flower2,8976,3952,0,0,31,51,0,1,1,4294967295
backRI_Flower2,8544,3904,0,0,31,51,0,1,1,4294967295
backRI_Flower2,8032,3904,0,0,31,51,0,1,1,4294967295
backRI_Flower1,8368,3888,0,0,32,77,0,1,1,4294967295
backRI_Flower1,8256,3888,0,0,32,77,0,1,1,4294967295
backRI_Flower1,9088,3984,0,0,32,77,0,1,1,4294967295
backRI_Flower1,9632,4112,0,0,32,77,0,1,1,4294967295
backRI_Flower1,9152,3984,0,0,32,77,0,1,1,4294967295
backRI_Flower1,9232,3984,0,0,32,77,0,1,1,4294967295
backRI_Flower2,9216,4432,0,0,31,51,0,1,1,4294967295
backRI_Flower2,9056,4432,0,0,31,51,0,1,1,4294967295
backRI_Flower2,8320,4512,0,0,31,51,0,1,1,4294967295
backRI_Flower2,8128,4512,0,0,31,51,0,1,1,4294967295
backRI_Flower2,7376,4416,0,0,31,51,0,1,1,4294967295
backRI_Flower2,7056,4416,0,0,31,51,0,1,1,4294967295
backRI_Flower2,6304,4304,0,0,31,51,0,1,1,4294967295
backRI_Flower2,6752,4368,0,0,31,51,0,1,1,4294967295
backRI_Flower2,5984,4304,0,0,31,51,0,1,1,4294967295
backRI_Flower2,5552,3792,0,0,31,51,0,1,1,4294967295
backRI_Flower2,5296,3744,0,0,31,51,0,1,1,4294967295
backRI_Flower2,5088,3744,0,0,31,51,0,1,1,4294967295
backRI_Flower2,4864,3744,0,0,31,51,0,1,1,4294967295
backRI_Flower2,4599,3700,0,0,31,51,0,1,1,4294967295
backRI_Flower2,3792,3552,0,0,31,51,0,1,1,4294967295
backRI_Flower2,3376,3632,0,0,31,51,0,1,1,4294967295
backRI_Flower2,3472,3632,0,0,31,51,0,1,1,4294967295
backRI_Flower2,3872,2512,0,0,31,51,0,1,1,4294967295
backRI_Flower2,4048,2512,0,0,31,51,0,1,1,4294967295
backRI_Flower2,4144,2512,0,0,31,51,0,1,1,4294967295
backRI_Flower2,3920,2512,0,0,31,51,0,1,1,4294967295
backRI_Flower2,3456,2512,0,0,31,51,0,1,1,4294967295
backRI_Flower2,2832,2512,0,0,31,51,0,1,1,4294967295
backRI_Flower2,2544,2512,0,0,31,51,0,1,1,4294967295
backRI_Flower2,2048,2512,0,0,31,51,0,1,1,4294967295
backRI_Flower2,4512,2512,0,0,31,51,0,1,1,4294967295
backRI_Flower2,4736,2512,0,0,31,51,0,1,1,4294967295
backRI_Flower2,4912,2512,0,0,31,51,0,1,1,4294967295
backRI_Flower2,4384,2944,0,0,31,51,0,1,1,4294967295
backRI_Flower2,4480,2992,0,0,31,51,0,1,1,4294967295
backRI_Flower2,4896,3040,0,0,31,51,0,1,1,4294967295
backRI_Flower2,4992,3248,0,0,31,51,0,1,1,4294967295
backRI_Flower2,5392,3296,0,0,31,51,0,1,1,4294967295
backRI_Flower2,8080,3296,0,0,31,51,0,1,1,4294967295
backRI_Flower2,8528,3328,0,0,31,51,0,1,1,4294967295
backRI_Flower2,8864,3328,0,0,31,51,0,1,1,4294967295
backRI_Flower2,8368,3328,0,0,31,51,0,1,1,4294967295
backRI_Flower2,9504,3232,0,0,31,51,0,1,1,4294967295
backRI_Flower2,11952,3248,0,0,31,51,0,1,1,4294967295
backRI_Flower2,11216,3184,0,0,31,51,0,1,1,4294967295
backRI_Flower2,10128,3184,0,0,31,51,0,1,1,4294967295
backRI_Flower2,9776,3184,0,0,31,51,0,1,1,4294967295
backRI_Flower2,9872,2496,0,0,31,51,0,1,1,4294967295
backRI_Flower2,10144,2448,0,0,31,51,0,1,1,4294967295
backRI_Flower2,10464,2400,0,0,31,51,0,1,1,4294967295
backRI_Flower2,10736,2400,0,0,31,51,0,1,1,4294967295
backRI_Flower2,10448,2016,0,0,31,51,0,1,1,4294967295
backRI_Flower2,11968,1904,0,0,31,51,0,1,1,4294967295
backRI_Flower2,9600,1920,0,0,31,51,0,1,1,4294967295
backRI_Flower2,8768,2016,0,0,31,51,0,1,1,4294967295
backRI_Flower2,8416,1968,0,0,31,51,0,1,1,4294967295
backRI_Flower2,6224,1968,0,0,31,51,0,1,1,4294967295
backRI_Flower2,5600,1968,0,0,31,51,0,1,1,4294967295
backRI_Flower2,5504,1936,0,0,31,51,0,1,1,4294967295
backRI_Flower2,4688,1936,0,0,31,51,0,1,1,4294967295
backRI_Flower2,4288,1984,0,0,31,51,0,1,1,4294967295
backRI_Flower2,4291,3635,0,0,31,51,0,1,1,4294967295
backRI_Flower2,3984,3552,0,0,31,51,0,1,1,4294967295
backRI_Flower2,2608,3216,0,0,31,51,0,1,1,4294967295
backRI_Flower2,2112,3216,0,0,31,51,0,1,1,4294967295
backRI_Flower2,2288,3216,0,0,31,51,0,1,1,4294967295
backRI_Flower2,1776,3392,0,0,31,51,0,1,1,4294967295
backRI_Flower2,1824,3392,0,0,31,51,0,1,1,4294967295
backRI_Flower2,1328,3392,0,0,31,51,0,1,1,4294967295
backRI_Flower2,1136,3392,0,0,31,51,0,1,1,4294967295
backRI_Flower2,880,3568,0,0,31,51,0,1,1,4294967295
backRI_Flower2,320,3632,0,0,31,51,0,1,1,4294967295
backRI_Flower2,384,4144,0,0,31,51,0,1,1,4294967295
backRI_Flower2,736,4144,0,0,31,51,0,1,1,4294967295
backRI_Flower2,832,4144,0,0,31,51,0,1,1,4294967295
backRI_Flower2,1040,4352,0,0,31,51,0,1,1,4294967295
backRI_Flower2,1344,4352,0,0,31,51,0,1,1,4294967295
backRI_Flower2,1536,4352,0,0,31,51,0,1,1,4294967295
backRI_Flower2,1840,4400,0,0,31,51,0,1,1,4294967295
backRI_Flower2,2192,4496,0,0,31,51,0,1,1,4294967295
backRI_Flower2,2576,4496,0,0,31,51,0,1,1,4294967295
backRI_Flower2,3008,4432,0,0,31,51,0,1,1,4294967295
backRI_Flower2,3088,4432,0,0,31,51,0,1,1,4294967295
backRI_Flower2,1568,5056,0,0,31,51,0,1,1,4294967295
backRI_Flower2,1664,5056,0,0,31,51,0,1,1,4294967295
backRI_Tile,3104,3744,0,0,256,68,0,1,1,4294967295
backRI_Tile,3104,3808,0,0,256,68,0,1,1,4294967295
backRI_Tile,3104,3872,0,0,256,68,0,1,1,4294967295
backRI_Tile,3360,3856,0,0,256,68,0,1,1,4294967295
backRI_Tile,3920,3664,0,0,256,68,0,1,1,4294967295
backRI_Tile,2304,5504,0,0,256,68,0,1,1,4294967295
backRI_Tile,2304,5568,0,0,256,68,0,1,1,4294967295
backRI_Tile,2304,5632,0,0,256,68,0,1,1,4294967295
backRI_Tile,2304,5696,0,0,256,68,0,1,1,4294967295
backRI_Tile,2304,5760,0,0,256,68,0,1,1,4294967295
backRI_Tile,2304,5824,0,0,256,68,0,1,1,4294967295
backRI_Tile,2552,5832,0,0,256,68,0,1,1,4294967295
backRI_Tile,5072,1520,0,0,256,68,0,1,1,4294967295
backRI_Tile,5072,1456,0,0,256,68,0,1,1,4294967295
backRI_Tile,5072,1392,0,0,256,68,0,1,1,4294967295
backRI_Tile,5072,1328,0,0,256,68,0,1,1,4294967295
backRI_Tile,5072,1264,0,0,256,68,0,1,1,4294967295
backRI_Tile,5072,1200,0,0,256,68,0,1,1,4294967295
backRI_Tile,5072,1136,0,0,256,68,0,1,1,4294967295
backRI_Tile,5072,1072,0,0,256,68,0,1,1,4294967295
backRI_Tile,5072,1008,0,0,256,68,0,1,1,4294967295
backRI_Tile,5072,944,0,0,256,68,0,1,1,4294967295
backRI_Tile,5072,880,0,0,256,68,0,1,1,4294967295
backRI_Tile,5072,816,0,0,256,68,0,1,1,4294967295
backRI_Tile,5072,752,0,0,256,68,0,1,1,4294967295
backRI_Tile,5072,688,0,0,256,68,0,1,1,4294967295
backRI_Tile,5072,624,0,0,256,68,0,1,1,4294967295
backRI_Tile,5072,560,0,0,256,68,0,1,1,4294967295
backRI_Tile,5072,496,0,0,256,68,0,1,1,4294967295
backRI_Tile,5072,432,0,0,256,68,0,1,1,4294967295
backRI_Tile,5072,368,0,0,256,68,0,1,1,4294967295
backRI_Tile,5072,304,0,0,256,68,0,1,1,4294967295
backRI_Tile,5072,240,0,0,256,68,0,1,1,4294967295
backRI_Tile,5072,176,0,0,256,68,0,1,1,4294967295
backRI_Tile,5072,112,0,0,256,68,0,1,1,4294967295
backRI_Tile,5072,48,0,0,256,68,0,1,1,4294967295
backRI_Tile,5072,-16,0,0,256,68,0,1,1,4294967295
