HiddenPalaceAccess,23408,1384,00345AB3,0,1,1,4294967295,0,0
HiddenPalaceAccess,23408,1264,002D47AF,0,1,1,4294967295,0,0
HiddenPalaceAccess,23408,1144,000C3BD3,0,1,1,4294967295,0,0
Error_Teleportator_PulsUp,25072,1264,000E5248,0,1,1,4294967295,0,0
PRE_Hard,3984,673,0030E533,0,1,1,4294967295,0,0
PRE_Hard,32,336,00187259,0,1,1,4294967295,0,0
ErrorMotobug,464,848,00297879,0,1,1,4294967295,0,0
ErrorMotobug,624,848,00284830,0,1,1,4294967295,0,0
ErrorMotobug,304,848,000C68F5,0,1,1,4294967295,0,0
ErrorMotobug,752,848,001BB293,0,1,1,4294967295,0,0
ErrorMotobug,1280,784,001D61CA,0,1,1,4294967295,0,0
ErrorMotobug,1440,784,000408BA,0,1,1,4294967295,0,0
ErrorMotobug,1600,784,000A5666,0,1,1,4294967295,0,0
ErrorMotobug,1728,784,002F1591,0,1,1,4294967295,0,0
ErrorMotobug,1360,784,003A8E3E,0,1,1,4294967295,0,0
ErrorMotobug,1520,784,000E2CDF,0,1,1,4294967295,0,0
ErrorMotobug,1680,784,000C16B0,0,1,1,4294967295,0,0
ErrorMotobug,1184,784,0002967B,0,1,1,4294967295,0,0
ErrorMotobug,2624,784,000D2E9E,0,1,1,4294967295,0,0
ErrorMotobug,2896,784,003D5FE0,0,1,1,4294967295,0,0
ErrorMotobug,3296,720,00277A7D,0,1,1,4294967295,0,0
ErrorMotobug,3456,720,00082A18,0,1,1,4294967295,0,0
ErrorMotobug,3616,720,00156A54,0,1,1,4294967295,0,0
ErrorBuzzBomber,1312,720,0028A322,0,1,1,4294967295,0,0
ErrorBuzzBomber,1488,720,0000D7FC,0,1,1,4294967295,0,0
ErrorBuzzBomber,1680,720,00146A07,0,1,1,4294967295,0,0
ErrorBuzzBomber,1040,720,003CA63A,0,1,1,4294967295,0,0
ErrorBuzzBomber,544,784,001778AD,0,1,1,4294967295,0,0
ErrorBuzzBomber,384,784,00034E1A,0,1,1,4294967295,0,0
ErrorBuzzBomber,192,784,000DDB2D,0,1,1,4294967295,0,0
ErrorBuzzBomber,2744,776,000A4E75,0,1,1,4294967295,0,0
ErrorBuzzBomber,2832,776,00039297,0,1,1,4294967295,0,0
ErrorBuzzBomber,3024,768,00194E53,0,1,1,4294967295,0,0
ErrorBuzzBomber,3264,664,002B0601,0,1,1,4294967295,0,0
ErrorBuzzBomber,3400,672,0026A4D9,0,1,1,4294967295,0,0
ErrorBuzzBomber,3536,680,001AFF25,0,1,1,4294967295,0,0
ErrorBuzzBomber,3696,656,002125AA,0,1,1,4294967295,0,0
RF_26,0,0,00119EC1,0,1,1,4294967295,0,0
Error_ExetiorHead,6496,976,0004D518,0,1,1,4294967295,0,0
Error_ExetiorHead,6464,976,001ADB7D,0,1,1,4294967295,0,0
Error_ExetiorHead,6432,976,00224F1D,0,1,1,4294967295,0,0
Error_ExetiorHead,6400,976,003D88DB,0,1,1,4294967295,0,0
Error_ExetiorHead,6368,976,002CC10A,0,1,1,4294967295,0,0
Error_ExetiorHead,6336,976,003089C4,0,1,1,4294967295,0,0
Error_ExetiorHead,6304,976,001A61B3,0,1,1,4294967295,0,0
Error_ExetiorHead,6272,976,001C7DBF,0,1,1,4294967295,0,0
Error_ExetiorHead,6240,976,00196F42,0,1,1,4294967295,0,0
Error_ExetiorHead,6208,976,0018C14E,0,1,1,4294967295,0,0
Error_ExetiorHead,6176,976,0009552A,0,1,1,4294967295,0,0
Error_ExetiorHead,6144,976,0029797A,0,1,1,4294967295,0,0
Error_ExetiorHead,6112,976,00046A5C,0,1,1,4294967295,0,0
Error_ExetiorHead,6080,976,000B70A5,0,1,1,4294967295,0,0
Error_ExetiorHead,6048,976,00341333,0,1,1,4294967295,0,0
Error_ExetiorHead,6016,976,00120C4E,0,1,1,4294967295,0,0
Error_ExetiorHead,5984,976,0035EBE2,0,1,1,4294967295,0,0
Error_ExetiorHead,5952,976,000BA42B,0,1,1,4294967295,0,0
Error_ExetiorHead,5920,976,0022AEF7,0,1,1,4294967295,0,0
Error_ExetiorHead,5888,976,00108FD1,0,1,1,4294967295,0,0
Error_ExetiorHead,5856,976,000B44F5,0,1,1,4294967295,0,0
Error_ExetiorHead,5824,976,00092697,0,1,1,4294967295,0,0
Error_ExetiorHead,5792,976,00358FF1,0,1,1,4294967295,0,0
Error_ExetiorHead,5760,976,00284F82,0,1,1,4294967295,0,0
Error_ExetiorHead,5728,976,00366F31,0,1,1,4294967295,0,0
Error_ExetiorHead,5696,976,000DFEB3,0,1,1,4294967295,0,0
Error_ExetiorHead,5664,976,00324B00,0,1,1,4294967295,0,0
Error_ExetiorHead,5632,976,0009BCCD,0,1,1,4294967295,0,0
Error_ExetiorHead,5600,976,003CE09B,0,1,1,4294967295,0,0
Error_ExetiorHead,5568,976,00024743,0,1,1,4294967295,0,0
Error_ExetiorHead,5536,976,00050113,0,1,1,4294967295,0,0
Error_ExetiorHead,5504,976,00325314,0,1,1,4294967295,0,0
Error_ExetiorHead,5472,976,001E926B,0,1,1,4294967295,0,0
Error_ExetiorHead,5440,976,00229E1E,0,1,1,4294967295,0,0
Error_ExetiorHead,5408,976,003A7E56,0,1,1,4294967295,0,0
Error_ExetiorHead,5376,976,0026905D,0,1,1,4294967295,0,0
Error_ExetiorHead,5344,976,000D6F1B,0,1,1,4294967295,0,0
Error_ExetiorHead,5312,976,0011D562,0,1,1,4294967295,0,0
Error_ExetiorHead,5280,976,0007AE85,0,1,1,4294967295,0,0
Error_ExetiorHead,5248,976,00403BDA,0,1,1,4294967295,0,0
Error_ExetiorHead,5216,976,00366425,0,1,1,4294967295,0,0
Error_ExetiorHead,5184,976,0004CCE4,0,1,1,4294967295,0,0
Error_ExetiorHead,5152,976,000D6947,0,1,1,4294967295,0,0
Error_ExetiorHead,5120,976,000C267B,0,1,1,4294967295,0,0
Error_ExetiorHead,5088,976,002A98D9,0,1,1,4294967295,0,0
Error_ExetiorHead,5056,976,000F050C,0,1,1,4294967295,0,0
Error_ExetiorHead,5024,976,0004A0B6,0,1,1,4294967295,0,0
Error_ExetiorHead,4992,976,00120A4F,0,1,1,4294967295,0,0
Error_ExetiorHead,4960,976,000A2A86,0,1,1,4294967295,0,0
Error_ExetiorHead,4928,976,002DD661,0,1,1,4294967295,0,0
Error_ExetiorHead,4896,976,0023C6F2,0,1,1,4294967295,0,0
Error_ExetiorHead,4864,976,0021D8C1,0,1,1,4294967295,0,0
Error_ExetiorHead,4832,976,001BB6FD,0,1,1,4294967295,0,0
Error_ExetiorHead,4800,976,003C5F0C,0,1,1,4294967295,0,0
Error_ExetiorHead,4768,976,000D8456,0,1,1,4294967295,0,0
Error_ExetiorHead,4736,976,0020218C,0,1,1,4294967295,0,0
Error_ExetiorHead,4704,976,00111AB9,0,1,1,4294967295,0,0
Error_ExetiorHead,4672,976,000B6881,0,1,1,4294967295,0,0
Error_ExetiorHead,4640,976,00353C1B,0,1,1,4294967295,0,0
Error_ExetiorHead,4608,976,0010F1D5,0,1,1,4294967295,0,0
Error_ExetiorHead,4576,976,000AB0FD,0,1,1,4294967295,0,0
Error_ExetiorHead,4544,976,0028E0F3,0,1,1,4294967295,0,0
Error_ExetiorHead,4512,976,002A2C16,0,1,1,4294967295,0,0
Error_ExetiorHead,4480,976,003517D7,0,1,1,4294967295,0,0
Error_ExetiorHead,4272,1360,003494BA,0,1,1,4294967295,0,0
Error_ExetiorHead,4304,1360,002E62EB,0,1,1,4294967295,0,0
Error_ExetiorHead,4336,1360,00172FB9,0,1,1,4294967295,0,0
Error_ExetiorHead,4368,1360,001B8BC7,0,1,1,4294967295,0,0
Error_ExetiorHead,4400,1360,002E358C,0,1,1,4294967295,0,0
Error_ExetiorHead,4432,1360,0007DC93,0,1,1,4294967295,0,0
Error_ExetiorHead,4464,1360,000816EA,0,1,1,4294967295,0,0
Error_ExetiorHead,4496,1360,001DDB16,0,1,1,4294967295,0,0
Error_ExetiorHead,4528,1360,003D7D4B,0,1,1,4294967295,0,0
Error_ExetiorHead,4560,1360,0028D61E,0,1,1,4294967295,0,0
Error_ExetiorHead,4592,1360,001F1895,0,1,1,4294967295,0,0
Error_ExetiorHead,4624,1360,0004B7FA,0,1,1,4294967295,0,0
Error_ExetiorHead,4656,1360,0017D437,0,1,1,4294967295,0,0
Error_ExetiorHead,4688,1360,003AD445,0,1,1,4294967295,0,0
Error_ExetiorHead,4720,1360,002FA8E6,0,1,1,4294967295,0,0
Error_ExetiorHead,4752,1360,002DA3EE,0,1,1,4294967295,0,0
Error_ExetiorHead,4784,1360,0025788E,0,1,1,4294967295,0,0
Error_ExetiorHead,4816,1360,0024285D,0,1,1,4294967295,0,0
Error_ExetiorHead,4848,1360,00072145,0,1,1,4294967295,0,0
Error_ExetiorHead,4880,1360,000EFAF5,0,1,1,4294967295,0,0
Error_ExetiorHead,4912,1360,00287CD1,0,1,1,4294967295,0,0
Error_ExetiorHead,4944,1360,000E729F,0,1,1,4294967295,0,0
Error_ExetiorHead,4976,1360,003A0C52,0,1,1,4294967295,0,0
Error_ExetiorHead,5008,1360,0014098B,0,1,1,4294967295,0,0
Error_ExetiorHead,5040,1360,000BBD8B,0,1,1,4294967295,0,0
Error_ExetiorHead,5072,1360,0028A804,0,1,1,4294967295,0,0
Error_ExetiorHead,5104,1360,001955D5,0,1,1,4294967295,0,0
Error_ExetiorHead,5136,1360,000CA118,0,1,1,4294967295,0,0
Error_ExetiorHead,5168,1360,0025CAF5,0,1,1,4294967295,0,0
Error_ExetiorHead,5200,1360,002FA819,0,1,1,4294967295,0,0
Error_ExetiorHead,5232,1360,000E737F,0,1,1,4294967295,0,0
Error_ExetiorHead,5264,1360,0009B0F2,0,1,1,4294967295,0,0
Error_ExetiorHead,5296,1360,000DCA5E,0,1,1,4294967295,0,0
Error_ExetiorHead,5328,1360,0019E775,0,1,1,4294967295,0,0
Error_ExetiorHead,5360,1360,001C50BA,0,1,1,4294967295,0,0
Error_ExetiorHead,5392,1360,0005D7DA,0,1,1,4294967295,0,0
Error_ExetiorHead,5424,1360,0035FF02,0,1,1,4294967295,0,0
Error_ExetiorHead,5456,1360,000F2173,0,1,1,4294967295,0,0
Error_ExetiorHead,5488,1360,0022404B,0,1,1,4294967295,0,0
Error_ExetiorHead,5520,1360,000ED53B,0,1,1,4294967295,0,0
Error_ExetiorHead,5552,1360,0003F906,0,1,1,4294967295,0,0
Error_ExetiorHead,5584,1360,00279AFE,0,1,1,4294967295,0,0
Error_ExetiorHead,5616,1360,0005E210,0,1,1,4294967295,0,0
Error_ExetiorHead,5648,1360,0032065D,0,1,1,4294967295,0,0
Error_ExetiorHead,5680,1360,003E29A7,0,1,1,4294967295,0,0
Error_ExetiorHead,5712,1360,003E4A72,0,1,1,4294967295,0,0
Error_ExetiorHead,5744,1360,003B8212,0,1,1,4294967295,0,0
Error_ExetiorHead,5776,1360,003F04FB,0,1,1,4294967295,0,0
Error_ExetiorHead,5808,1360,0023139C,0,1,1,4294967295,0,0
Error_ExetiorHead,5840,1360,00314A7F,0,1,1,4294967295,0,0
Error_ExetiorHead,5872,1360,00312BF2,0,1,1,4294967295,0,0
Error_ExetiorHead,5904,1360,00041DA9,0,1,1,4294967295,0,0
Error_ExetiorHead,5936,1360,002556C8,0,1,1,4294967295,0,0
Error_ExetiorHead,5968,1360,003B38CD,0,1,1,4294967295,0,0
Error_ExetiorHead,6000,1360,0039B588,0,1,1,4294967295,0,0
Error_ExetiorHead,6032,1360,0037D749,0,1,1,4294967295,0,0
Error_ExetiorHead,6064,1360,00001B03,0,1,1,4294967295,0,0
Error_ExetiorHead,6096,1360,001F146E,0,1,1,4294967295,0,0
Error_ExetiorHead,6128,1360,0017152C,0,1,1,4294967295,0,0
Error_ExetiorHead,6160,1360,000E13DC,0,1,1,4294967295,0,0
Error_ExetiorHead,6192,1360,003BE0B8,0,1,1,4294967295,0,0
Error_ExetiorHead,6224,1360,0035049F,0,1,1,4294967295,0,0
Error_ExetiorHead,6256,1360,0021B20C,0,1,1,4294967295,0,0
Error_ExetiorHead,6288,1360,00156555,0,1,1,4294967295,0,0
Error_ExetiorHead,6320,1360,003B02D7,0,1,1,4294967295,0,0
Error_ExetiorHead,6352,1360,002E6363,0,1,1,4294967295,0,0
Error_ExetiorHead,6384,1360,000E1CAF,0,1,1,4294967295,0,0
Error_ExetiorHead,6416,1360,0034427A,0,1,1,4294967295,0,0
Error_ExetiorHead,6448,1360,0004F5FE,0,1,1,4294967295,0,0
Error_ExetiorHead,6480,1360,0000FEE7,0,1,1,4294967295,0,0
Error_ExetiorHead,6512,1360,002D9B6E,0,1,1,4294967295,0,0
Error_ExetiorHead,6544,1360,00012C39,0,1,1,4294967295,0,0
Error_ExetiorHead,6576,1360,0008D2F3,0,1,1,4294967295,0,0
Error_ExetiorHead,6608,1360,00317770,0,1,1,4294967295,0,0
Error_ExetiorHead,6640,1360,000AD532,0,1,1,4294967295,0,0
Error_ExetiorHead,6672,1360,00376046,0,1,1,4294967295,0,0
Error_ExetiorHead,6704,1360,0027A39D,0,1,1,4294967295,0,0
Error_ExetiorHead,6736,1360,0006180B,0,1,1,4294967295,0,0
Error_ExetiorHead,6768,1360,0020011F,0,1,1,4294967295,0,0
Error_ExetiorHead,6800,1360,00154CF4,0,1,1,4294967295,0,0
Error_ExetiorHead,6832,1360,0027D2C4,0,1,1,4294967295,0,0
Error_ExetiorHead,6864,1360,0004487C,0,1,1,4294967295,0,0
Error_ExetiorHead,6896,1360,00265B30,0,1,1,4294967295,0,0
Error_ExetiorHead,6928,1360,001249DD,0,1,1,4294967295,0,0
Error_ExetiorHead,6960,1360,003F4510,0,1,1,4294967295,0,0
Error_ExetiorHead,6992,1360,0019FB6D,0,1,1,4294967295,0,0
Error_ExetiorHead,7024,1360,001CB005,0,1,1,4294967295,0,0
Error_ExetiorHead,7056,1360,00139B05,0,1,1,4294967295,0,0
Error_ExetiorHead,7792,592,00316C19,0,1,1,4294967295,0,0
Error_ExetiorHead,7792,560,0035A2E3,0,1,1,4294967295,0,0
Error_ExetiorHead,7792,528,0027B091,0,1,1,4294967295,0,0
Error_ExetiorHead,7792,496,002B9903,0,1,1,4294967295,0,0
Error_ExetiorHead,7792,464,0013C07F,0,1,1,4294967295,0,0
Error_ExetiorHead,7792,432,00141361,0,1,1,4294967295,0,0
Error_ExetiorHead,8128,656,0003DAA0,0,1,1,4294967295,0,0
Error_ExetiorHead,8128,624,0031E041,0,1,1,4294967295,0,0
Error_ExetiorHead,8128,592,0014B14A,0,1,1,4294967295,0,0
Error_ExetiorHead,8128,560,002169B4,0,1,1,4294967295,0,0
Error_ExetiorHead,8128,528,00123B97,0,1,1,4294967295,0,0
Error_ExetiorHead,8128,496,0019A43B,0,1,1,4294967295,0,0
Error_ExetiorHead,8128,464,00351437,0,1,1,4294967295,0,0
Error_ExetiorHead,8624,720,00143804,0,1,1,4294967295,0,0
Error_ExetiorHead,8624,688,0012AC20,0,1,1,4294967295,0,0
Error_ExetiorHead,8624,656,00384136,0,1,1,4294967295,0,0
Error_ExetiorHead,8624,624,00335D8C,0,1,1,4294967295,0,0
Error_ExetiorHead,8624,592,00034693,0,1,1,4294967295,0,0
Error_ExetiorHead,8624,560,0037BAE5,0,1,1,4294967295,0,0
Error_ExetiorHead,8624,528,003DA94D,0,1,1,4294967295,0,0
Error_ExetiorHead,8624,496,00383F9B,0,1,1,4294967295,0,0
Error_ExetiorHead,9136,656,003CC13A,0,1,1,4294967295,0,0
Error_ExetiorHead,9136,624,000631D4,0,1,1,4294967295,0,0
Error_ExetiorHead,9136,592,00356613,0,1,1,4294967295,0,0
Error_ExetiorHead,9136,560,00214F81,0,1,1,4294967295,0,0
Error_ExetiorHead,9136,528,003A3786,0,1,1,4294967295,0,0
Error_ExetiorHead,9136,496,000CD78D,0,1,1,4294967295,0,0
Error_ExetiorHead,9136,464,002F6A52,0,1,1,4294967295,0,0
Error_ExetiorHead,8960,656,001BB0A3,0,1,1,4294967295,0,0
Error_ExetiorHead,8960,624,00204394,0,1,1,4294967295,0,0
Error_ExetiorHead,8960,592,00043EE1,0,1,1,4294967295,0,0
Error_ExetiorHead,8960,560,00055390,0,1,1,4294967295,0,0
Error_ExetiorHead,8960,528,000AF8F1,0,1,1,4294967295,0,0
Error_ExetiorHead,8960,496,003FC7B4,0,1,1,4294967295,0,0
Error_ExetiorHead,8960,464,000517DE,0,1,1,4294967295,0,0
Error_ExetiorHead,9456,656,00403D57,0,1,1,4294967295,0,0
Error_ExetiorHead,9456,624,000DE3DF,0,1,1,4294967295,0,0
Error_ExetiorHead,9456,592,00257D40,0,1,1,4294967295,0,0
Error_ExetiorHead,9456,560,0006A65E,0,1,1,4294967295,0,0
Error_ExetiorHead,9456,528,002DC0A5,0,1,1,4294967295,0,0
Error_ExetiorHead,9456,496,003DB95F,0,1,1,4294967295,0,0
Error_ExetiorHead,9456,464,00160780,0,1,1,4294967295,0,0
Error_ExetiorHead,9792,720,002F32B9,0,1,1,4294967295,0,0
Error_ExetiorHead,9904,720,000ED632,0,1,1,4294967295,0,0
Error_ExetiorHead,10160,720,0017E51E,0,1,1,4294967295,0,0
Error_ExetiorHead,9792,688,001C20F6,0,1,1,4294967295,0,0
Error_ExetiorHead,9792,656,000B50ED,0,1,1,4294967295,0,0
Error_ExetiorHead,9792,624,000B6E1A,0,1,1,4294967295,0,0
Error_ExetiorHead,9792,592,001389D9,0,1,1,4294967295,0,0
Error_ExetiorHead,9792,560,0027C925,0,1,1,4294967295,0,0
Error_ExetiorHead,9792,528,0016CDD2,0,1,1,4294967295,0,0
Error_ExetiorHead,9792,496,003282F7,0,1,1,4294967295,0,0
Error_ExetiorHead,9904,688,002C4016,0,1,1,4294967295,0,0
Error_ExetiorHead,9904,656,000818AD,0,1,1,4294967295,0,0
Error_ExetiorHead,9904,624,00080F29,0,1,1,4294967295,0,0
Error_ExetiorHead,9904,592,00180F82,0,1,1,4294967295,0,0
Error_ExetiorHead,9904,560,00062D63,0,1,1,4294967295,0,0
Error_ExetiorHead,9904,528,001BB113,0,1,1,4294967295,0,0
Error_ExetiorHead,9904,496,002BEE90,0,1,1,4294967295,0,0
Error_ExetiorHead,10160,688,00364B8C,0,1,1,4294967295,0,0
Error_ExetiorHead,10160,656,0019D1B2,0,1,1,4294967295,0,0
Error_ExetiorHead,10160,624,001FE3C3,0,1,1,4294967295,0,0
Error_ExetiorHead,10160,592,0022B840,0,1,1,4294967295,0,0
Error_ExetiorHead,10160,560,003FCF96,0,1,1,4294967295,0,0
Error_ExetiorHead,10160,528,0022565E,0,1,1,4294967295,0,0
Error_ExetiorHead,10160,496,001E05C2,0,1,1,4294967295,0,0
Error_ExetiorHead,10064,896,002B1321,0,1,1,4294967295,0,0
Error_ExetiorHead,10448,720,002C133D,0,1,1,4294967295,0,0
Error_ExetiorHead,10912,720,00235113,0,1,1,4294967295,0,0
Error_ExetiorHead,10720,656,003E585F,0,1,1,4294967295,0,0
Error_ExetiorHead,10448,688,002C75EC,0,1,1,4294967295,0,0
Error_ExetiorHead,10448,656,000CE0CD,0,1,1,4294967295,0,0
Error_ExetiorHead,10448,624,0020A264,0,1,1,4294967295,0,0
Error_ExetiorHead,10448,592,001C3495,0,1,1,4294967295,0,0
Error_ExetiorHead,10448,560,000C1CF0,0,1,1,4294967295,0,0
Error_ExetiorHead,10448,528,00114B87,0,1,1,4294967295,0,0
Error_ExetiorHead,10448,496,003952BD,0,1,1,4294967295,0,0
Error_ExetiorHead,10720,624,00092E69,0,1,1,4294967295,0,0
Error_ExetiorHead,10720,592,002233B7,0,1,1,4294967295,0,0
Error_ExetiorHead,10720,560,00288AC8,0,1,1,4294967295,0,0
Error_ExetiorHead,10720,528,00234DDE,0,1,1,4294967295,0,0
Error_ExetiorHead,10720,496,0035AFB4,0,1,1,4294967295,0,0
Error_ExetiorHead,10912,688,0034687F,0,1,1,4294967295,0,0
Error_ExetiorHead,10912,656,00089460,0,1,1,4294967295,0,0
Error_ExetiorHead,10912,624,00194B32,0,1,1,4294967295,0,0
Error_ExetiorHead,10912,592,000C9BD6,0,1,1,4294967295,0,0
Error_ExetiorHead,10912,560,0030834D,0,1,1,4294967295,0,0
Error_ExetiorHead,10912,528,002C1AD8,0,1,1,4294967295,0,0
Error_ExetiorHead,10912,496,001661BE,0,1,1,4294967295,0,0
Error_ExetiorTrap,7792,592,001F9FC1,0,1,1,4294967295,0,0
Error_ExetiorTrap,8128,656,002B3BA2,0,1,1,4294967295,0,0
Error_ExetiorTrap,8624,720,0026E380,0,1,1,4294967295,0,0
Error_ExetiorTrap,8960,664,00114937,0,1,1,4294967295,0,0
Error_ExetiorTrap,9136,664,0007CEF6,0,1,1,4294967295,0,0
Error_ExetiorTrap,9456,672,003AF5EF,0,1,1,4294967295,0,0
Error_ExetiorTrap,9792,728,0009D685,0,1,1,4294967295,0,0
Error_ExetiorTrap,9904,728,0035285C,0,1,1,4294967295,0,0
Error_ExetiorTrap,10160,728,003E7DE1,0,1,1,4294967295,0,0
Error_ExetiorTrap,10448,728,00154CC3,0,1,1,4294967295,0,0
Error_ExetiorTrap,10912,728,00147A63,0,1,1,4294967295,0,0
Error_ExetiorTrap,10720,664,0025E2A2,0,1,1,4294967295,0,1
ErrorEmerald,1840,792,0030B787,0,1,1,4294967295,0,0
ErrorEmerald,1888,792,00285175,0,1,1,4294967295,0,0
ErrorEmerald,1936,792,00085662,0,1,1,4294967295,0,0
ErrorEmerald,1984,792,00321C7D,0,1,1,4294967295,0,0
ErrorEmerald,2032,792,0030D37A,0,1,1,4294967295,0,0
ErrorEmerald,2080,792,00321120,0,1,1,4294967295,0,0
ErrorEmerald,2128,792,00035925,0,1,1,4294967295,0,0
ErrorEmerald,2176,792,001D2086,0,1,1,4294967295,0,0
ErrorEmerald,2224,792,00293D31,0,1,1,4294967295,0,0
ErrorEmerald,2272,792,0032C9BF,0,1,1,4294967295,0,0
ErrorEmerald,2320,792,00112035,0,1,1,4294967295,0,0
ErrorEmerald,2368,792,0004AECB,0,1,1,4294967295,0,0
ErrorEmerald,2416,792,0011010E,0,1,1,4294967295,0,0
ErrorEmerald,144,848,001CC7D2,0,1,1,4294967295,0,0
ErrorEmerald,1024,784,003819A0,0,1,1,4294967295,0,0
ErrorEmerald,2544,784,002E2315,0,1,1,4294967295,0,0
ErrorEmerald,2592,784,002AEDBC,0,1,1,4294967295,0,0
ErrorEmerald,2672,784,003B1FEC,0,1,1,4294967295,0,0
ErrorEmerald,2720,784,00147649,0,1,1,4294967295,0,0
ErrorEmerald,2768,784,001A5C9B,0,1,1,4294967295,0,0
ErrorEmerald,2816,784,00294988,0,1,1,4294967295,0,0
ErrorEmerald,2864,784,0013C6D7,0,1,1,4294967295,0,0
ErrorEmerald,2944,784,00265193,0,1,1,4294967295,0,0
ErrorEmerald,3392,720,0012F805,0,1,1,4294967295,0,0
ErrorEmerald,3504,720,00246055,0,1,1,4294967295,0,0
ErrorEmerald,3552,720,0020E4C8,0,1,1,4294967295,0,0
ErrorEmerald,3664,720,0000ADC2,0,1,1,4294967295,0,0
ErrorEmerald,3712,720,002A40D9,0,1,1,4294967295,0,0
ErrorEmerald,3760,720,001B40B1,0,1,1,4294967295,0,0
ErrorEmerald,3840,664,0001475E,0,1,1,4294967295,0,0
ErrorEmerald,3888,664,0023D811,0,1,1,4294967295,0,0
ErrorEmerald,3680,232,00008F18,0,1,1,4294967295,0,0
ErrorEmerald,3632,232,000BF1D4,0,1,1,4294967295,0,0
ErrorEmerald,3584,232,001EBFB5,0,1,1,4294967295,0,0
ErrorEmerald,3536,232,000DE30B,0,1,1,4294967295,0,0
ErrorEmerald,3424,272,002F0ACF,0,1,1,4294967295,0,0
ErrorEmerald,3376,272,003DB16D,0,1,1,4294967295,0,0
ErrorEmerald,3264,272,0009E4B2,0,1,1,4294967295,0,0
ErrorEmerald,3312,272,002CC517,0,1,1,4294967295,0,0
ErrorEmerald,3152,320,0000E125,0,1,1,4294967295,0,0
ErrorEmerald,3088,320,00267392,0,1,1,4294967295,0,0
ErrorEmerald,3024,320,00299B4E,0,1,1,4294967295,0,0
ErrorEmerald,2944,320,001CA5ED,0,1,1,4294967295,0,0
ErrorEmerald,2864,320,00036F1E,0,1,1,4294967295,0,0
ErrorEmerald,2784,320,002B61F0,0,1,1,4294967295,0,0
ErrorEmerald,2704,320,001E00E0,0,1,1,4294967295,0,0
ErrorEmerald,2624,320,003D35A8,0,1,1,4294967295,0,0
ErrorEmerald,2528,320,00321685,0,1,1,4294967295,0,0
ErrorEmerald,2448,320,00006657,0,1,1,4294967295,0,0
ErrorEmerald,2336,336,0014AD99,0,1,1,4294967295,0,0
ErrorEmerald,2272,368,0029DAC8,0,1,1,4294967295,0,0
ErrorEmerald,2208,384,0023DFC8,0,1,1,4294967295,0,0
ErrorEmerald,2128,360,0008DF14,0,1,1,4294967295,0,0
ErrorEmerald,2048,328,000FBD38,0,1,1,4294967295,0,0
ErrorEmerald,1968,320,003E96EE,0,1,1,4294967295,0,0
ErrorEmerald,1904,304,0028B717,0,1,1,4294967295,0,0
ErrorEmerald,1760,256,001E3C72,0,1,1,4294967295,0,0
ErrorEmerald,1840,280,003A140C,0,1,1,4294967295,0,0
ErrorEmerald,1632,256,0015DB29,0,1,1,4294967295,0,0
ErrorEmerald,1696,248,00119FAB,0,1,1,4294967295,0,0
ErrorEmerald,1568,272,003C8C23,0,1,1,4294967295,0,0
ErrorEmerald,1520,296,002D86AA,0,1,1,4294967295,0,0
ErrorEmerald,1456,312,000907C9,0,1,1,4294967295,0,0
ErrorEmerald,1392,328,0037F85E,0,1,1,4294967295,0,0
ErrorEmerald,1312,328,001CA2B4,0,1,1,4294967295,0,0
ErrorEmerald,1200,328,0025369A,0,1,1,4294967295,0,0
ErrorEmerald,1248,328,00003C1F,0,1,1,4294967295,0,0
ErrorEmerald,1152,328,001DA248,0,1,1,4294967295,0,0
ErrorEmerald,1104,328,00198664,0,1,1,4294967295,0,0
ErrorEmerald,1040,328,001EB0C8,0,1,1,4294967295,0,0
ErrorEmerald,992,328,0039A7CA,0,1,1,4294967295,0,0
ErrorEmerald,928,328,001B1F6C,0,1,1,4294967295,0,0
ErrorEmerald,864,328,00085FF7,0,1,1,4294967295,0,0
ErrorEmerald,736,376,000443B9,0,1,1,4294967295,0,0
ErrorEmerald,800,344,00371BA2,0,1,1,4294967295,0,0
ErrorEmerald,688,384,0013EFE2,0,1,1,4294967295,0,0
ErrorEmerald,624,392,000266E6,0,1,1,4294967295,0,0
ErrorEmerald,576,392,00069A7C,0,1,1,4294967295,0,0
ErrorEmerald,528,392,0019A062,0,1,1,4294967295,0,0
ErrorEmerald,464,392,0005904A,0,1,1,4294967295,0,0
ErrorEmerald,416,384,00287905,0,1,1,4294967295,0,0
ErrorEmerald,368,368,001B7378,0,1,1,4294967295,0,0
ErrorEmerald,304,344,00396595,0,1,1,4294967295,0,0
ErrorEmerald,256,320,000D6F76,0,1,1,4294967295,0,0
ErrorEmerald,208,312,003C52DE,0,1,1,4294967295,0,0
ErrorEmerald,160,312,002A2916,0,1,1,4294967295,0,0
ErrorEmerald,288,64,001E4ECB,0,1,1,4294967295,0,0
ErrorEmerald,320,64,00150FE1,0,1,1,4294967295,0,0
ErrorEmerald,352,64,003BB7BD,0,1,1,4294967295,0,0
ErrorEmerald,384,64,003C4EFC,0,1,1,4294967295,0,0
ErrorEmerald,416,64,000FB469,0,1,1,4294967295,0,0
ErrorEmerald,448,64,00247297,0,1,1,4294967295,0,0
ErrorEmerald,480,64,00368DF9,0,1,1,4294967295,0,0
ErrorEmerald,512,64,0018B86D,0,1,1,4294967295,0,0
ErrorEmerald,544,64,0038C1B5,0,1,1,4294967295,0,0
ErrorEmerald,576,64,002875F0,0,1,1,4294967295,0,0
ErrorEmerald,608,64,002BD2DC,0,1,1,4294967295,0,0
ErrorEmerald,640,64,0001D396,0,1,1,4294967295,0,0
ErrorEmerald,672,64,00379A00,0,1,1,4294967295,0,0
ErrorEmerald,704,64,000D21E7,0,1,1,4294967295,0,0
ErrorEmerald,736,64,0008846E,0,1,1,4294967295,0,0
ErrorEmerald,768,64,001B94B8,0,1,1,4294967295,0,0
ErrorEmerald,800,64,003B8ACC,0,1,1,4294967295,0,0
ErrorEmerald,832,64,001ACEFA,0,1,1,4294967295,0,0
ErrorEmerald,864,64,0033F8FA,0,1,1,4294967295,0,0
ErrorEmerald,896,64,0011B910,0,1,1,4294967295,0,0
ErrorEmerald,928,64,002150DB,0,1,1,4294967295,0,0
ErrorEmerald,960,64,0013785C,0,1,1,4294967295,0,0
ErrorEmerald,992,64,0021D1CF,0,1,1,4294967295,0,0
ErrorEmerald,1024,64,0026ABF9,0,1,1,4294967295,0,0
ErrorEmerald,1056,64,00145F02,0,1,1,4294967295,0,0
ErrorEmerald,1088,64,0022A68A,0,1,1,4294967295,0,0
ErrorEmerald,1120,64,003A7707,0,1,1,4294967295,0,0
ErrorEmerald,1152,64,001E1880,0,1,1,4294967295,0,0
ErrorEmerald,1184,64,0005279D,0,1,1,4294967295,0,0
ErrorEmerald,1216,64,003B294E,0,1,1,4294967295,0,0
ErrorEmerald,1248,64,002D6351,0,1,1,4294967295,0,0
ErrorEmerald,1280,64,000EAA56,0,1,1,4294967295,0,0
ErrorEmerald,1312,64,0019CD37,0,1,1,4294967295,0,0
ErrorEmerald,1344,64,001F7011,0,1,1,4294967295,0,0
ErrorEmerald,1376,64,002EBB8E,0,1,1,4294967295,0,0
ErrorEmerald,1408,64,0009EE69,0,1,1,4294967295,0,0
ErrorEmerald,1440,64,00043E3E,0,1,1,4294967295,0,0
ErrorEmerald,1472,64,002B11E2,0,1,1,4294967295,0,0
ErrorEmerald,1504,64,0003629C,0,1,1,4294967295,0,0
ErrorEmerald,1536,64,002BA4DC,0,1,1,4294967295,0,0
ErrorEmerald,1568,64,0008525B,0,1,1,4294967295,0,0
ErrorEmerald,1600,64,003FCF51,0,1,1,4294967295,0,0
ErrorEmerald,1632,64,002C7A5F,0,1,1,4294967295,0,0
ErrorEmerald,1664,64,000009FE,0,1,1,4294967295,0,0
ErrorEmerald,1696,64,0015D2C3,0,1,1,4294967295,0,0
ErrorEmerald,1728,64,003BC850,0,1,1,4294967295,0,0
ErrorEmerald,1760,64,000D1C81,0,1,1,4294967295,0,0
ErrorEmerald,1792,64,0028D96F,0,1,1,4294967295,0,0
ErrorEmerald,1824,64,00286AF2,0,1,1,4294967295,0,0
ErrorEmerald,1856,64,002A36F0,0,1,1,4294967295,0,0
ErrorEmerald,1888,64,0031750D,0,1,1,4294967295,0,0
ErrorEmerald,1920,64,0031BC04,0,1,1,4294967295,0,0
ErrorEmerald,1952,64,00087DC1,0,1,1,4294967295,0,0
ErrorEmerald,1984,64,00215455,0,1,1,4294967295,0,0
ErrorEmerald,2016,64,000E76B6,0,1,1,4294967295,0,0
ErrorEmerald,2048,64,003934A7,0,1,1,4294967295,0,0
ErrorEmerald,2080,64,001B6CAF,0,1,1,4294967295,0,0
ErrorEmerald,2112,64,000AF5F1,0,1,1,4294967295,0,0
ErrorEmerald,2144,64,001C7A8C,0,1,1,4294967295,0,0
ErrorEmerald,2176,64,0004FC8D,0,1,1,4294967295,0,0
ErrorEmerald,2208,64,0019164A,0,1,1,4294967295,0,0
ErrorEmerald,2240,64,0033D854,0,1,1,4294967295,0,0
ErrorEmerald,2272,64,000A9536,0,1,1,4294967295,0,0
ErrorEmerald,2304,64,002A004E,0,1,1,4294967295,0,0
ErrorEmerald,2336,64,001A830B,0,1,1,4294967295,0,0
ErrorEmerald,2368,64,0009B325,0,1,1,4294967295,0,0
ErrorEmerald,2400,64,002992C8,0,1,1,4294967295,0,0
ErrorEmerald,2432,64,00355595,0,1,1,4294967295,0,0
ErrorEmerald,2464,64,003C8C3F,0,1,1,4294967295,0,0
ErrorEmerald,2496,64,0008AA70,0,1,1,4294967295,0,0
ErrorEmerald,2528,64,002F0C4D,0,1,1,4294967295,0,0
ErrorEmerald,2560,64,00202CED,0,1,1,4294967295,0,0
ErrorEmerald,2592,64,0026F42B,0,1,1,4294967295,0,0
ErrorEmerald,2624,64,001B9A0E,0,1,1,4294967295,0,0
ErrorEmerald,2656,64,000CDF1A,0,1,1,4294967295,0,0
ErrorEmerald,2688,64,001C3B38,0,1,1,4294967295,0,0
ErrorEmerald,2720,64,0018C056,0,1,1,4294967295,0,0
ErrorEmerald,2752,64,00108277,0,1,1,4294967295,0,0
ErrorEmerald,2784,64,0020F917,0,1,1,4294967295,0,0
ErrorEmerald,2816,64,001D2875,0,1,1,4294967295,0,0
ErrorEmerald,2848,64,00251EF4,0,1,1,4294967295,0,0
ErrorEmerald,2880,64,0009C20A,0,1,1,4294967295,0,0
ErrorEmerald,2912,64,0013BCC4,0,1,1,4294967295,0,0
ErrorEmerald,2944,64,00131402,0,1,1,4294967295,0,0
ErrorEmerald,2976,64,0022A332,0,1,1,4294967295,0,0
ErrorEmerald,3008,64,00263E16,0,1,1,4294967295,0,0
ErrorEmerald,3040,64,00101445,0,1,1,4294967295,0,0
ErrorEmerald,3072,64,00185AA9,0,1,1,4294967295,0,0
ErrorEmerald,3104,64,001BA182,0,1,1,4294967295,0,0
ErrorEmerald,3136,64,002C5F0D,0,1,1,4294967295,0,0
ErrorEmerald,3168,64,000766A8,0,1,1,4294967295,0,0
ErrorEmerald,3200,64,0025245C,0,1,1,4294967295,0,0
ErrorEmerald,3232,64,001D683C,0,1,1,4294967295,0,0
ErrorEmerald,3264,64,0013D524,0,1,1,4294967295,0,0
ErrorEmerald,3296,64,000BD38B,0,1,1,4294967295,0,0
ErrorEmerald,3328,64,002CB7EF,0,1,1,4294967295,0,0
ErrorEmerald,3360,64,00161880,0,1,1,4294967295,0,0
ErrorEmerald,3392,64,0017A77B,0,1,1,4294967295,0,0
ErrorEmerald,3424,64,0015D906,0,1,1,4294967295,0,0
ErrorEmerald,3456,64,0016F6CF,0,1,1,4294967295,0,0
ErrorEmerald,3840,64,00006604,0,1,1,4294967295,0,0
ErrorEmerald,3872,64,000B4073,0,1,1,4294967295,0,0
ErrorEmerald,3904,64,001D66A2,0,1,1,4294967295,0,0
ErrorEmerald,6480,912,00199380,0,1,1,4294967295,0,0
ErrorEmerald,6432,912,002C06DD,0,1,1,4294967295,0,0
ErrorEmerald,6384,912,004008C3,0,1,1,4294967295,0,0
ErrorEmerald,6336,912,003D0B94,0,1,1,4294967295,0,0
ErrorEmerald,6272,912,00026A0B,0,1,1,4294967295,0,0
ErrorEmerald,6304,880,0000002E,0,1,1,4294967295,0,0
ErrorEmerald,6240,880,00123479,0,1,1,4294967295,0,0
ErrorEmerald,6208,912,00257107,0,1,1,4294967295,0,0
ErrorEmerald,6160,880,0018EE62,0,1,1,4294967295,0,0
ErrorEmerald,6112,912,002B5677,0,1,1,4294967295,0,0
ErrorEmerald,6080,880,000E62F3,0,1,1,4294967295,0,0
ErrorEmerald,6048,912,003ABF66,0,1,1,4294967295,0,0
ErrorEmerald,5984,880,0005B69D,0,1,1,4294967295,0,0
ErrorEmerald,5936,912,003A2A5B,0,1,1,4294967295,0,0
ErrorEmerald,5936,832,0022A58E,0,1,1,4294967295,0,0
ErrorEmerald,6032,832,003E57A2,0,1,1,4294967295,0,0
ErrorEmerald,6128,832,0007E709,0,1,1,4294967295,0,0
ErrorEmerald,6208,816,0027D81E,0,1,1,4294967295,0,0
ErrorEmerald,5984,784,002CF987,0,1,1,4294967295,0,0
ErrorEmerald,5872,880,0000E0C3,0,1,1,4294967295,0,0
ErrorEmerald,6368,832,00068B04,0,1,1,4294967295,0,0
ErrorEmerald,6432,832,000683F9,0,1,1,4294967295,0,0
ErrorEmerald,6480,832,003F3EC6,0,1,1,4294967295,0,0
ErrorEmerald,6400,768,00217420,0,1,1,4294967295,0,0
ErrorEmerald,6464,768,0024ED6D,0,1,1,4294967295,0,0
ErrorEmerald,6288,784,002DCD35,0,1,1,4294967295,0,0
ErrorEmerald,5808,816,000304B1,0,1,1,4294967295,0,0
ErrorEmerald,5760,912,002DED64,0,1,1,4294967295,0,0
ErrorEmerald,5824,912,0009CD8D,0,1,1,4294967295,0,0
ErrorEmerald,5888,784,002DB105,0,1,1,4294967295,0,0
ErrorEmerald,5712,848,003B839B,0,1,1,4294967295,0,0
ErrorEmerald,5728,784,0011FAEC,0,1,1,4294967295,0,0
ErrorEmerald,5632,816,002017C7,0,1,1,4294967295,0,0
ErrorEmerald,5600,896,001899A1,0,1,1,4294967295,0,0
ErrorEmerald,5680,928,0029CF01,0,1,1,4294967295,0,0
ErrorEmerald,5536,848,00069257,0,1,1,4294967295,0,0
ErrorEmerald,5488,800,001EE53F,0,1,1,4294967295,0,0
ErrorEmerald,5568,784,003F4150,0,1,1,4294967295,0,0
ErrorEmerald,5472,880,0038BB42,0,1,1,4294967295,0,0
ErrorEmerald,5536,928,0009EFD2,0,1,1,4294967295,0,0
ErrorEmerald,5424,928,0001837D,0,1,1,4294967295,0,0
ErrorEmerald,5424,832,000E2D68,0,1,1,4294967295,0,0
ErrorEmerald,5376,784,00107375,0,1,1,4294967295,0,0
ErrorEmerald,5360,880,0038A06D,0,1,1,4294967295,0,0
ErrorEmerald,5328,832,001ED173,0,1,1,4294967295,0,0
ErrorEmerald,5296,928,0015AFC9,0,1,1,4294967295,0,0
ErrorEmerald,5264,784,002C858B,0,1,1,4294967295,0,0
ErrorEmerald,5248,880,0022ADB2,0,1,1,4294967295,0,0
ErrorEmerald,5168,928,001D77EC,0,1,1,4294967295,0,0
ErrorEmerald,5200,816,0018988E,0,1,1,4294967295,0,0
ErrorEmerald,5120,880,001BDC00,0,1,1,4294967295,0,0
ErrorEmerald,5120,784,00402EE7,0,1,1,4294967295,0,0
ErrorEmerald,5056,928,001C67CC,0,1,1,4294967295,0,0
ErrorEmerald,5024,864,0013C637,0,1,1,4294967295,0,0
ErrorEmerald,5056,816,003B6306,0,1,1,4294967295,0,0
ErrorEmerald,4976,784,003AC389,0,1,1,4294967295,0,0
ErrorEmerald,4928,832,0001036B,0,1,1,4294967295,0,0
ErrorEmerald,4960,912,00233242,0,1,1,4294967295,0,0
ErrorEmerald,4880,928,003CB2A3,0,1,1,4294967295,0,0
ErrorEmerald,4880,864,003DA51F,0,1,1,4294967295,0,0
ErrorEmerald,4864,784,00098AD6,0,1,1,4294967295,0,0
ErrorEmerald,4784,832,002EA2C7,0,1,1,4294967295,0,0
ErrorEmerald,4768,896,00110BED,0,1,1,4294967295,0,0
ErrorEmerald,4672,784,0000B6DF,0,1,1,4294967295,0,0
ErrorEmerald,4656,864,0006D7A5,0,1,1,4294967295,0,0
ErrorEmerald,4656,928,0013740D,0,1,1,4294967295,0,0
ErrorEmerald,4528,912,0025A344,0,1,1,4294967295,0,0
ErrorEmerald,4544,848,0012183E,0,1,1,4294967295,0,0
ErrorEmerald,4576,784,0011D664,0,1,1,4294967295,0,0
ErrorEmerald,4432,784,002896C7,0,1,1,4294967295,0,0
ErrorEmerald,4480,864,001F4DA2,0,1,1,4294967295,0,0
ErrorEmerald,4400,928,0021B12B,0,1,1,4294967295,0,0
ErrorEmerald,4352,832,001A4743,0,1,1,4294967295,0,0
ErrorEmerald,4272,784,00056DD2,0,1,1,4294967295,0,0
ErrorEmerald,4288,896,003125BE,0,1,1,4294967295,0,0
ErrorEmerald,4288,976,00081A48,0,1,1,4294967295,0,0
ErrorEmerald,4368,1040,000FBACB,0,1,1,4294967295,0,0
ErrorEmerald,4416,1088,000B9062,0,1,1,4294967295,0,0
ErrorEmerald,4304,1136,002FBAEC,0,1,1,4294967295,0,0
ErrorEmerald,4368,1152,0007F8CA,0,1,1,4294967295,0,0
ErrorEmerald,4448,1216,00334C08,0,1,1,4294967295,0,0
ErrorEmerald,4272,1232,003853A6,0,1,1,4294967295,0,0
ErrorEmerald,4368,1280,001BF303,0,1,1,4294967295,0,0
ErrorEmerald,4432,1296,001C9BAA,0,1,1,4294967295,0,0
ErrorEmerald,4288,1312,002F8CB2,0,1,1,4294967295,0,0
ErrorEmerald,4528,1296,001D6D9B,0,1,1,4294967295,0,0
ErrorEmerald,4608,1216,002A6996,0,1,1,4294967295,0,0
ErrorEmerald,4672,1312,003AF718,0,1,1,4294967295,0,0
ErrorEmerald,4752,1264,0029344B,0,1,1,4294967295,0,0
ErrorEmerald,4848,1216,002BE113,0,1,1,4294967295,0,0
ErrorEmerald,4864,1312,001E1E93,0,1,1,4294967295,0,0
ErrorEmerald,4784,1312,00368945,0,1,1,4294967295,0,0
ErrorEmerald,4688,1216,00035DB8,0,1,1,4294967295,0,0
ErrorEmerald,4928,1264,00076AC6,0,1,1,4294967295,0,0
ErrorEmerald,5040,1216,001FDD82,0,1,1,4294967295,0,0
ErrorEmerald,5072,1296,000E02DE,0,1,1,4294967295,0,0
ErrorEmerald,4992,1312,002A081A,0,1,1,4294967295,0,0
ErrorEmerald,5168,1216,00347BD3,0,1,1,4294967295,0,0
ErrorEmerald,5152,1312,0005F6FC,0,1,1,4294967295,0,0
ErrorEmerald,5232,1264,0032392C,0,1,1,4294967295,0,0
ErrorEmerald,5344,1216,003DCA48,0,1,1,4294967295,0,0
ErrorEmerald,5360,1312,003408C4,0,1,1,4294967295,0,0
ErrorEmerald,5280,1312,0016B087,0,1,1,4294967295,0,0
ErrorEmerald,5456,1232,00289338,0,1,1,4294967295,0,0
ErrorEmerald,5440,1280,0014B046,0,1,1,4294967295,0,0
ErrorEmerald,5616,1216,0040347B,0,1,1,4294967295,0,0
ErrorEmerald,5536,1264,0018E099,0,1,1,4294967295,0,0
ErrorEmerald,5632,1312,0000EDC6,0,1,1,4294967295,0,0
ErrorEmerald,5760,1216,000BE55C,0,1,1,4294967295,0,0
ErrorEmerald,5840,1312,001D8983,0,1,1,4294967295,0,0
ErrorEmerald,5712,1280,001D866F,0,1,1,4294967295,0,0
ErrorEmerald,5936,1216,001CEF20,0,1,1,4294967295,0,0
ErrorEmerald,6016,1328,0038AC2F,0,1,1,4294967295,0,0
ErrorEmerald,6064,1216,001167E7,0,1,1,4294967295,0,0
ErrorEmerald,5952,1264,00363F04,0,1,1,4294967295,0,0
ErrorEmerald,6160,1312,001CB70C,0,1,1,4294967295,0,0
ErrorEmerald,6240,1232,001975C0,0,1,1,4294967295,0,0
ErrorEmerald,6320,1312,00144ABE,0,1,1,4294967295,0,0
ErrorEmerald,6400,1248,0020BDCE,0,1,1,4294967295,0,0
ErrorEmerald,6480,1312,00176E61,0,1,1,4294967295,0,0
ErrorEmerald,6592,1216,0037B266,0,1,1,4294967295,0,0
ErrorEmerald,6592,1312,002E2A36,0,1,1,4294967295,0,0
ErrorEmerald,6704,1264,003FC96E,0,1,1,4294967295,0,0
ErrorEmerald,6816,1216,000E2CAA,0,1,1,4294967295,0,0
ErrorEmerald,6864,1312,0033327A,0,1,1,4294967295,0,0
ErrorEmerald,6992,1296,0035FEA9,0,1,1,4294967295,0,0
ErrorEmerald,7008,1200,00046CFB,0,1,1,4294967295,0,0
ErrorEmerald,6928,1248,001F0414,0,1,1,4294967295,0,0
ErrorEmerald,6848,1120,000DB720,0,1,1,4294967295,0,0
ErrorEmerald,6992,1088,00008FCE,0,1,1,4294967295,0,0
ErrorEmerald,6816,976,00055416,0,1,1,4294967295,0,0
ErrorEmerald,7008,912,00099ACD,0,1,1,4294967295,0,0
ErrorEmerald,6832,848,001083CC,0,1,1,4294967295,0,0
ErrorEmerald,7040,800,0019AE4E,0,1,1,4294967295,0,0
ErrorEmerald,6800,704,0002AB37,0,1,1,4294967295,0,0
ErrorEmerald,7008,656,002AB68F,0,1,1,4294967295,0,0
ErrorEmerald,6928,768,003BFC3C,0,1,1,4294967295,0,0
ErrorEmerald,6928,960,002FAB9A,0,1,1,4294967295,0,0
ErrorEmerald,6928,1104,0035BCFA,0,1,1,4294967295,0,0
ErrorEmerald,6496,1088,001D786D,0,1,1,4294967295,0,0
ErrorEmerald,4896,464,000124DA,0,1,1,4294967295,0,0
ErrorEmerald,5008,464,0031A43A,0,1,1,4294967295,0,0
ErrorEmerald,5152,480,000CBF8E,0,1,1,4294967295,0,0
ErrorEmerald,5248,528,000AE60C,0,1,1,4294967295,0,0
ErrorEmerald,5360,528,00160C1D,0,1,1,4294967295,0,0
ErrorEmerald,5472,528,00272DCC,0,1,1,4294967295,0,0
ErrorEmerald,5600,528,0010390E,0,1,1,4294967295,0,0
ErrorEmerald,5728,528,0035CB1B,0,1,1,4294967295,0,0
ErrorEmerald,5824,576,003D3F7E,0,1,1,4294967295,0,0
ErrorEmerald,5936,576,001DED84,0,1,1,4294967295,0,0
ErrorEmerald,6032,576,003172F6,0,1,1,4294967295,0,0
ErrorEmerald,6112,576,002780CB,0,1,1,4294967295,0,0
ErrorEmerald,6208,576,003757D6,0,1,1,4294967295,0,0
ErrorEmerald,6272,576,0017FF88,0,1,1,4294967295,0,0
ErrorEmerald,7632,568,001F3FB7,0,1,1,4294967295,0,0
ErrorEmerald,7664,552,0033A12C,0,1,1,4294967295,0,0
ErrorEmerald,7600,552,001968C5,0,1,1,4294967295,0,0
ErrorEmerald,7600,592,0036714D,0,1,1,4294967295,0,0
ErrorEmerald,7632,592,00064824,0,1,1,4294967295,0,0
ErrorEmerald,7664,592,000FC86A,0,1,1,4294967295,0,0
ErrorEmerald,7872,584,001763E8,0,1,1,4294967295,0,0
ErrorEmerald,8080,600,0029BC91,0,1,1,4294967295,0,0
ErrorEmerald,8080,648,003228A9,0,1,1,4294967295,0,0
ErrorEmerald,8320,696,0018A251,0,1,1,4294967295,0,0
ErrorEmerald,8384,712,0021DA49,0,1,1,4294967295,0,0
ErrorEmerald,8448,712,00059E90,0,1,1,4294967295,0,0
ErrorEmerald,8512,712,0016F560,0,1,1,4294967295,0,0
ErrorEmerald,8576,712,002189DB,0,1,1,4294967295,0,0
ErrorEmerald,8688,680,0006E009,0,1,1,4294967295,0,0
ErrorEmerald,8736,680,0020AEE8,0,1,1,4294967295,0,0
ErrorEmerald,8784,680,001DE2D4,0,1,1,4294967295,0,0
ErrorEmerald,8832,680,00066EE2,0,1,1,4294967295,0,0
ErrorEmerald,8896,648,00151132,0,1,1,4294967295,0,0
ErrorEmerald,9008,648,003AF820,0,1,1,4294967295,0,0
ErrorEmerald,9056,648,00153EE1,0,1,1,4294967295,0,0
ErrorEmerald,9104,648,0000C7E0,0,1,1,4294967295,0,0
ErrorEmerald,9216,648,000D4342,0,1,1,4294967295,0,0
ErrorEmerald,9248,624,00392365,0,1,1,4294967295,0,0
ErrorEmerald,9280,648,0001206D,0,1,1,4294967295,0,0
ErrorEmerald,9312,624,0011CDE3,0,1,1,4294967295,0,0
ErrorEmerald,9344,648,0005F1CA,0,1,1,4294967295,0,0
ErrorEmerald,9376,624,000C88DA,0,1,1,4294967295,0,0
ErrorEmerald,9552,696,001031EA,0,1,1,4294967295,0,0
ErrorEmerald,9616,712,0026D821,0,1,1,4294967295,0,0
ErrorEmerald,9680,720,002BF6DF,0,1,1,4294967295,0,0
ErrorEmerald,9744,720,0034BB11,0,1,1,4294967295,0,0
ErrorEmerald,9840,688,000BF80D,0,1,1,4294967295,0,0
ErrorEmerald,9856,720,0029F16F,0,1,1,4294967295,0,0
ErrorEmerald,9952,720,00206541,0,1,1,4294967295,0,0
ErrorEmerald,10000,720,00127382,0,1,1,4294967295,0,0
ErrorEmerald,10048,696,002DB639,0,1,1,4294967295,0,0
ErrorEmerald,10096,696,0001AB13,0,1,1,4294967295,0,0
ErrorEmerald,10240,720,0004D296,0,1,1,4294967295,0,0
ErrorEmerald,10288,720,001DA4DF,0,1,1,4294967295,0,0
ErrorEmerald,10352,720,000B429F,0,1,1,4294967295,0,0
ErrorEmerald,10400,720,0013D188,0,1,1,4294967295,0,0
ErrorEmerald,10512,720,00119069,0,1,1,4294967295,0,0
ErrorEmerald,10528,688,0010DB6E,0,1,1,4294967295,0,0
ErrorEmerald,10560,720,0027DC45,0,1,1,4294967295,0,0
ErrorEmerald,10592,688,002BA53C,0,1,1,4294967295,0,0
ErrorEmerald,10624,720,00266F26,0,1,1,4294967295,0,0
ErrorEmerald,10640,688,003CF2E6,0,1,1,4294967295,0,0
ErrorEmerald,10672,720,0039643A,0,1,1,4294967295,0,0
ErrorEmerald,10752,720,003A7461,0,1,1,4294967295,0,0
ErrorEmerald,10800,720,0015E0DD,0,1,1,4294967295,0,0
ErrorEmerald,10848,720,0039AB5F,0,1,1,4294967295,0,0
ErrorEmerald,10960,720,000F966F,0,1,1,4294967295,0,0
ErrorEmerald,10992,720,00328489,0,1,1,4294967295,0,0
ErrorEmerald,11024,720,0038FD5A,0,1,1,4294967295,0,0
ErrorEmerald,11056,720,0003C363,0,1,1,4294967295,0,0
ErrorEmerald,11200,728,0010DBF2,0,1,1,4294967295,0,0
ErrorEmerald,11248,736,0010802F,0,1,1,4294967295,0,0
ErrorEmerald,11296,752,00290505,0,1,1,4294967295,0,0
ErrorEmerald,11344,720,001FC9C3,0,1,1,4294967295,0,0
ErrorEmerald,11408,720,001257DE,0,1,1,4294967295,0,0
ErrorEmerald,11456,744,00368F4E,0,1,1,4294967295,0,0
ErrorEmerald,11504,776,001259EB,0,1,1,4294967295,0,0
ErrorEmerald,11536,800,002C0047,0,1,1,4294967295,0,0
ErrorEmerald,11584,832,0026346A,0,1,1,4294967295,0,0
ErrorEmerald,11648,856,0009CEFD,0,1,1,4294967295,0,0
ErrorEmerald,11712,856,001AE373,0,1,1,4294967295,0,0
ErrorEmerald,11776,856,00210C56,0,1,1,4294967295,0,0
ErrorEmerald,11840,856,00037032,0,1,1,4294967295,0,0
ErrorEmerald,11920,808,001B0CDC,0,1,1,4294967295,0,0
ErrorEmerald,11968,808,002D72AA,0,1,1,4294967295,0,0
ErrorEmerald,12016,808,0007BF33,0,1,1,4294967295,0,0
ErrorEmerald,12080,856,00017DD5,0,1,1,4294967295,0,0
ErrorEmerald,12128,856,00252D4D,0,1,1,4294967295,0,0
Error_ExetiorHead,13264,1408,0009024D,0,1,1,4294967295,0,0
Error_ExetiorHead,14208,1392,000109D3,0,1,1,4294967295,0,0
Error_ExetiorHead,14208,1424,002AD222,0,1,1,4294967295,0,0
Error_ExetiorHead,15280,1344,000C3AE3,0,1,1,4294967295,0,0
Error_ExetiorHead,15280,1312,00034EC9,0,1,1,4294967295,0,0
Error_ExetiorHead,15280,1280,000A7583,0,1,1,4294967295,0,0
Error_ExetiorHead,15280,1248,00004785,0,1,1,4294967295,0,0
Error_ExetiorHead,16240,1408,000BDD3A,0,1,1,4294967295,0,0
Error_ExetiorHead,16240,1280,003B3FF2,0,1,1,4294967295,0,0
Error_ExetiorHead,17056,1408,003AF2B3,0,1,1,4294967295,0,0
Error_ExetiorHead,17824,1376,0015A10D,0,1,1,4294967295,0,0
Error_ExetiorHead,17824,1344,00183A7C,0,1,1,4294967295,0,0
Error_ExetiorHead,18432,1424,000C2B16,0,1,1,4294967295,0,0
Error_ExetiorHead,18432,1392,00015C2E,0,1,1,4294967295,0,0
Error_ExetiorHead,19408,1424,003841A0,0,1,1,4294967295,0,0
Error_ExetiorHead,19408,1392,00060714,0,1,1,4294967295,0,0
Error_ExetiorHead,20336,1376,00239535,0,1,1,4294967295,0,0
Error_ExetiorHead,20336,1344,0003B899,0,1,1,4294967295,0,0
Error_ExetiorHead,20832,1376,002DD79B,0,1,1,4294967295,0,0
Error_ExetiorHead,20832,1344,001C5B4F,0,1,1,4294967295,0,0
Error_ExetiorHead,21440,1408,00208B41,0,1,1,4294967295,0,0
Error_ExetiorHead,21408,1408,0002DAC9,0,1,1,4294967295,0,0
Error_ExetiorHead,22304,1376,001EBA72,0,1,1,4294967295,0,0
Error_ExetiorHead,23216,1424,000102E6,0,1,1,4294967295,0,0
Error_ExetiorHead,22304,1408,0004CCCA,0,1,1,4294967295,0,0
ErrorEmerald,16192,1344,00057A58,0,1,1,4294967295,0,0
ErrorEmerald,16240,1328,00124EEB,0,1,1,4294967295,0,0
ErrorEmerald,16272,1328,0006C4CD,0,1,1,4294967295,0,0
ErrorEmerald,16688,1408,0000B0EA,0,1,1,4294967295,0,0
ErrorEmerald,17824,1408,00107EA7,0,1,1,4294967295,0,0
ErrorEmerald,18432,1328,00365DAC,0,1,1,4294967295,0,0
ErrorEmerald,19408,1328,002B667B,0,1,1,4294967295,0,0
ErrorEmerald,20336,1408,003A962B,0,1,1,4294967295,0,0
ErrorEmerald,20832,1408,000948C3,0,1,1,4294967295,0,0
ErrorEmerald,21424,1328,00366E29,0,1,1,4294967295,0,0
ErrorEmerald,22304,1312,002C35D1,0,1,1,4294967295,0,0
ErrorEmerald,13248,1328,00003B0D,0,1,1,4294967295,0,0
ErrorEmerald,13280,1328,002D73EA,0,1,1,4294967295,0,0
ErrorEmerald,14224,1328,003D0C8B,0,1,1,4294967295,0,0
ErrorEmerald,14192,1328,00237BB3,0,1,1,4294967295,0,0
ErrorEmerald,15248,1408,00253165,0,1,1,4294967295,0,0
ErrorEmerald,15280,1408,0018C9B5,0,1,1,4294967295,0,0
ErrorEmerald,15312,1408,0001F2FF,0,1,1,4294967295,0,0
ErrorEmerald,16720,1408,00302C89,0,1,1,4294967295,0,0
ErrorEmerald,16752,1408,0013F7E5,0,1,1,4294967295,0,0
ErrorEmerald,17024,1328,0028A970,0,1,1,4294967295,0,0
ErrorEmerald,17056,1312,0020CEFB,0,1,1,4294967295,0,0
ErrorEmerald,17088,1328,003C0AB8,0,1,1,4294967295,0,0
Error_ExetiorHead,1808,976,003C9F87,0,1,1,4294967295,0,0
Error_ExetiorHead,1840,976,00121F80,0,1,1,4294967295,0,0
Error_ExetiorHead,1872,976,00398132,0,1,1,4294967295,0,0
Error_ExetiorHead,1904,976,00036243,0,1,1,4294967295,0,0
Error_ExetiorHead,1936,976,0004FDEC,0,1,1,4294967295,0,0
Error_ExetiorHead,1968,976,001BBE65,0,1,1,4294967295,0,0
Error_ExetiorHead,2000,976,0037F234,0,1,1,4294967295,0,0
Error_ExetiorHead,2032,976,0012260F,0,1,1,4294967295,0,0
Error_ExetiorHead,2064,976,000338A5,0,1,1,4294967295,0,0
Error_ExetiorHead,2096,976,0030E1B4,0,1,1,4294967295,0,0
Error_ExetiorHead,2128,976,00255549,0,1,1,4294967295,0,0
Error_ExetiorHead,2160,976,00358695,0,1,1,4294967295,0,0
Error_ExetiorHead,2192,976,000834DA,0,1,1,4294967295,0,0
Error_ExetiorHead,2224,976,001D0B4D,0,1,1,4294967295,0,0
Error_ExetiorHead,2256,976,003BC557,0,1,1,4294967295,0,0
Error_ExetiorHead,2288,976,003A694A,0,1,1,4294967295,0,0
Error_ExetiorHead,2320,976,0020E53A,0,1,1,4294967295,0,0
Error_ExetiorHead,2352,976,00095A48,0,1,1,4294967295,0,0
Error_ExetiorHead,2384,976,0001DD21,0,1,1,4294967295,0,0
Error_ExetiorHead,2416,976,00188BBB,0,1,1,4294967295,0,0
Error_ExetiorHead,2448,976,0038A08A,0,1,1,4294967295,0,0
Error_Chuckles1,25552,1261,0025E550,0,1,1,4294967295,0,0
Error_Chuckles2,25632,1260,0009505D,0,1,1,4294967295,0,0
Error_Chuckles3,25712,1261,003E1ADA,0,1,1,4294967295,0,0
Error_Chuckles4,25776,1261,001D7575,0,1,1,4294967295,0,0
Error_Chuckles5,25840,1261,003AC9EE,0,1,1,4294967295,0,0
Error_Chuckles6,25920,1264,0030B109,0,1,1,4294967295,0,0
MasterEmerald,24944,704,003CCC0A,0,1,1,4294967295,0,0
CC_Knuckles1,25075,709,0035D428,0,1,1,4294967295,0,0
ErrorMotobug,192,847,002D1BC7,0,1,1,4294967295,0,0
ErrorMotobug,248,848,0025C7CC,0,1,1,4294967295,0,0
ErrorMotobug,392,848,00304FDF,0,1,1,4294967295,0,0
ErrorMotobug,544,848,0003542A,0,1,1,4294967295,0,0
ErrorBuzzBomber,688,784,001123F4,0,1,1,4294967295,0,0
ErrorBuzzBomber,1112,752,002D49AC,0,1,1,4294967295,0,0
ErrorMotobug,1232,784,003BF3BB,0,1,1,4294967295,0,0
ErrorMotobug,1320,784,0027F433,0,1,1,4294967295,0,0
ErrorMotobug,1400,784,00356852,0,1,1,4294967295,0,0
ErrorMotobug,1480,784,00047FBA,0,1,1,4294967295,0,0
ErrorMotobug,1560,784,0014A133,0,1,1,4294967295,0,0
ErrorMotobug,1632,784,0024249E,0,1,1,4294967295,0,0
ErrorMotobug,3232,720,00205669,0,1,1,4294967295,0,0
ErrorMotobug,3344,720,00088755,0,1,1,4294967295,0,0
Mask_Out_Up,3872,288,001BECBF,0,1,1,4294967295,0,0
Mask_Out_Up,25072,849,0025EAEF,0,1,1,4294967295,0,0
RI_Water,6368,672,000F89D8,0,1,1,4294967295,0,0
RI_Water,6496,672,0015169B,0,1,1,4294967295,0,0
RI_Water,6448,800,001ACDF0,0,1,1,4294967295,0,0
RI_Water,6448,928,000069DB,0,1,1,4294967295,0,0
RI_Water,6320,800,000E32D5,0,1,1,4294967295,0,0
RI_Water,6320,928,002647DA,0,1,1,4294967295,0,0
RI_Water,6320,1056,0003EB26,0,1,1,4294967295,0,0
RI_Water,6448,1056,00000CEC,0,1,1,4294967295,0,0
RI_Water,6192,944,001170C8,0,1,1,4294967295,0,0
RI_Water,6192,816,00117136,0,1,1,4294967295,0,0
RI_Water,6064,944,002D9D40,0,1,1,4294967295,0,0
RI_Water,6064,816,00166AEE,0,1,1,4294967295,0,0
RI_Water,5936,944,00147CBA,0,1,1,4294967295,0,0
RI_Water,5808,944,003E29FC,0,1,1,4294967295,0,0
RI_Water,5680,944,00058FF1,0,1,1,4294967295,0,0
RI_Water,5552,944,00300491,0,1,1,4294967295,0,0
RI_Water,5424,944,003FAFD4,0,1,1,4294967295,0,0
RI_Water,5296,944,0012CFAE,0,1,1,4294967295,0,0
RI_Water,5168,944,00166608,0,1,1,4294967295,0,0
RI_Water,5040,944,00110C23,0,1,1,4294967295,0,0
RI_Water,4912,944,00346585,0,1,1,4294967295,0,0
RI_Water,4784,944,00224B07,0,1,1,4294967295,0,0
RI_Water,4656,944,003A69FA,0,1,1,4294967295,0,0
RI_Water,4528,944,0029D174,0,1,1,4294967295,0,0
RI_Water,4400,944,002BB644,0,1,1,4294967295,0,0
RI_Water,4272,944,002938D9,0,1,1,4294967295,0,0
RI_Water,4304,1072,00353C45,0,1,1,4294967295,0,0
RI_Water,4432,1072,001E2CDC,0,1,1,4294967295,0,0
RI_Water,4320,1200,001ED215,0,1,1,4294967295,0,0
RI_Water,4448,1200,00097992,0,1,1,4294967295,0,0
RI_Water,4304,1328,0034B62E,0,1,1,4294967295,0,0
RI_Water,4432,1328,001493EF,0,1,1,4294967295,0,0
RI_Water,4560,1328,00076351,0,1,1,4294967295,0,0
RI_Water,4576,1200,003731CF,0,1,1,4294967295,0,0
RI_Water,4688,1328,000AAFAF,0,1,1,4294967295,0,0
RI_Water,4704,1200,0026A881,0,1,1,4294967295,0,0
RI_Water,4816,1328,0011B194,0,1,1,4294967295,0,0
RI_Water,4944,1328,001C95AA,0,1,1,4294967295,0,0
RI_Water,5072,1328,0005E459,0,1,1,4294967295,0,0
RI_Water,5200,1328,0024B42C,0,1,1,4294967295,0,0
RI_Water,4832,1200,002ADDE0,0,1,1,4294967295,0,0
RI_Water,4960,1200,0011C19C,0,1,1,4294967295,0,0
RI_Water,5088,1200,001944AE,0,1,1,4294967295,0,0
RI_Water,5216,1200,002B9E8B,0,1,1,4294967295,0,0
RI_Water,5328,1328,002798C0,0,1,1,4294967295,0,0
RI_Water,5456,1328,0007F57A,0,1,1,4294967295,0,0
RI_Water,5584,1328,0017CBDC,0,1,1,4294967295,0,0
RI_Water,5712,1328,001A3183,0,1,1,4294967295,0,0
RI_Water,5840,1328,000DCF7D,0,1,1,4294967295,0,0
RI_Water,5968,1328,002508CE,0,1,1,4294967295,0,0
RI_Water,6096,1328,0016D062,0,1,1,4294967295,0,0
RI_Water,6224,1328,00070BCD,0,1,1,4294967295,0,0
RI_Water,5344,1200,001BDF1E,0,1,1,4294967295,0,0
RI_Water,5472,1200,00127C88,0,1,1,4294967295,0,0
RI_Water,5600,1200,0018D813,0,1,1,4294967295,0,0
RI_Water,5728,1200,00248098,0,1,1,4294967295,0,0
RI_Water,5856,1200,0037EE1B,0,1,1,4294967295,0,0
RI_Water,5984,1200,001AA000,0,1,1,4294967295,0,0
RI_Water,6112,1200,00354759,0,1,1,4294967295,0,0
RI_Water,6240,1200,00116323,0,1,1,4294967295,0,0
RI_Water,6352,1328,0003CD84,0,1,1,4294967295,0,0
RI_Water,6480,1328,003679F5,0,1,1,4294967295,0,0
RI_Water,6608,1328,003ED051,0,1,1,4294967295,0,0
RI_Water,6736,1328,00289C00,0,1,1,4294967295,0,0
RI_Water,6864,1328,0020FD61,0,1,1,4294967295,0,0
RI_Water,7120,1328,0006C7C0,0,1,1,4294967295,0,0
RI_Water,6368,1200,003D1D7A,0,1,1,4294967295,0,0
RI_Water,6496,1200,002958A3,0,1,1,4294967295,0,0
RI_Water,6624,1200,003AE818,0,1,1,4294967295,0,0
RI_Water,6752,1200,003FA9ED,0,1,1,4294967295,0,0
RI_Water,6880,1200,001AE95E,0,1,1,4294967295,0,0
RI_Water,7008,1200,002C5BF9,0,1,1,4294967295,0,0
RI_Water,6816,1072,00093D8F,0,1,1,4294967295,0,0
RI_Water,6944,1072,0017EED0,0,1,1,4294967295,0,0
RI_Water,7072,1072,003D6A70,0,1,1,4294967295,0,0
RI_Water,6832,944,00213B91,0,1,1,4294967295,0,0
RI_Water,6960,944,0001C47B,0,1,1,4294967295,0,0
RI_Water,7088,944,002D8351,0,1,1,4294967295,0,0
RI_Water,6784,816,0004BA40,0,1,1,4294967295,0,0
RI_Water,6912,816,00251F5F,0,1,1,4294967295,0,0
RI_Water,7040,816,0002B85C,0,1,1,4294967295,0,0
RI_Water,6992,1328,0009F52D,0,1,1,4294967295,0,0
RI_Water,6832,688,000EBE19,0,1,1,4294967295,0,0
RI_Water,6960,688,001030F4,0,1,1,4294967295,0,0
RI_Water,7088,688,00154D73,0,1,1,4294967295,0,0
RI_Water,5936,816,0018FA6C,0,1,1,4294967295,0,0
RI_Water,5808,816,00167A8E,0,1,1,4294967295,0,0
RI_Water,5680,816,002AE4AD,0,1,1,4294967295,0,0
RI_Water,5552,816,002FE6D1,0,1,1,4294967295,0,0
RI_Water,5424,816,001F21B9,0,1,1,4294967295,0,0
RI_Water,5296,816,002B71BE,0,1,1,4294967295,0,0
RI_Water,5168,816,0006BF73,0,1,1,4294967295,0,0
RI_Water,5040,816,00345F73,0,1,1,4294967295,0,0
RI_Water,4912,816,001E4830,0,1,1,4294967295,0,0
RI_Water,4784,816,003E75DF,0,1,1,4294967295,0,0
RI_Water,4656,816,000EB43A,0,1,1,4294967295,0,0
RI_Water,4528,816,003572A9,0,1,1,4294967295,0,0
RI_Water,4400,816,001ADEDC,0,1,1,4294967295,0,0
RI_Water,4272,816,001942DF,0,1,1,4294967295,0,0
RI_Water1,1808,816,0027CB2F,0,1,1,4294967295,0,0
RI_Water1,1840,816,001D434B,0,1,1,4294967295,0,0
RI_Water1,1872,816,000A6E37,0,1,1,4294967295,0,0
RI_Water1,1904,816,00244E00,0,1,1,4294967295,0,0
RI_Water1,1936,816,0016518B,0,1,1,4294967295,0,0
RI_Water1,1968,816,0021985D,0,1,1,4294967295,0,0
RI_Water1,2000,816,0002716D,0,1,1,4294967295,0,0
RI_Water1,2032,816,002AA84B,0,1,1,4294967295,0,0
RI_Water1,2064,816,0024E2E4,0,1,1,4294967295,0,0
RI_Water1,2096,816,003ED3B2,0,1,1,4294967295,0,0
RI_Water1,2128,816,000DDDFF,0,1,1,4294967295,0,0
RI_Water1,2160,816,00237240,0,1,1,4294967295,0,0
RI_Water1,2192,816,001A1F2B,0,1,1,4294967295,0,0
RI_Water1,2224,816,0006154D,0,1,1,4294967295,0,0
RI_Water1,2256,816,0020DD0E,0,1,1,4294967295,0,0
RI_Water1,2288,816,001099B7,0,1,1,4294967295,0,0
RI_Water1,2320,816,00201BCD,0,1,1,4294967295,0,0
RI_Water1,2352,816,001B103B,0,1,1,4294967295,0,0
RI_Water1,2384,816,0031BE34,0,1,1,4294967295,0,0
RI_Water1,2416,816,00172801,0,1,1,4294967295,0,0
RI_Water1,2448,816,0008913F,0,1,1,4294967295,0,0
RI_Water1,6784,624,000697DD,0,1,1,4294967295,0,0
RI_Water1,6816,624,000DAE39,0,1,1,4294967295,0,0
RI_Water1,6848,624,00033A95,0,1,1,4294967295,0,0
RI_Water1,6880,624,003067BA,0,1,1,4294967295,0,0
RI_Water1,6912,624,00218E70,0,1,1,4294967295,0,0
RI_Water1,6944,624,00117C25,0,1,1,4294967295,0,0
RI_Water1,6976,624,003CE729,0,1,1,4294967295,0,0
RI_Water1,7008,624,000D3916,0,1,1,4294967295,0,0
RI_Water1,7040,624,001ADA6B,0,1,1,4294967295,0,0
RI_Water1,7072,624,003A95B2,0,1,1,4294967295,0,0
RI_Water1,6320,608,003CA58B,0,1,1,4294967295,0,0
RI_Water1,6352,608,000A1375,0,1,1,4294967295,0,0
RI_Water1,6384,608,003A398D,0,1,1,4294967295,0,0
RI_Water1,6416,608,001A0FD2,0,1,1,4294967295,0,0
RI_Water1,6448,608,00288F7A,0,1,1,4294967295,0,0
RI_Water1,6480,608,001B21F5,0,1,1,4294967295,0,0
RI_Water1,6512,608,0004F889,0,1,1,4294967295,0,0
ErrorSlopeL,896,866,00011CCA,0,1,1,4294967295,0,0
ErrorSlopeL,3104,802,00073EE7,0,1,1,4294967295,0,0
ErrorSlopeL,2336,410,000CD3F3,0,1,1,4294967295,0,0
ErrorSlopeR,2080,410,0005FA9E,0,1,1,4294967295,0,0
ErrorSlopeR,1824,346,000A2FE1,0,1,1,4294967295,0,0
ErrorSlopeL,1568,346,000F3983,0,1,1,4294967295,0,0
ErrorSlopeL,800,410,001BE59A,0,1,1,4294967295,0,0
ErrorSlopeR,288,410,003CD582,0,1,1,4294967295,0,0
RI_ErrorGround,0,864,00396887,0,1,1,4294967295,0,0
RI_ErrorGround,256,864,0023C173,0,1,1,4294967295,0,0
RI_ErrorGround,512,864,003376A0,0,1,1,4294967295,0,0
RI_ErrorGround,1024,800,001471E9,0,1,1,4294967295,0,0
RI_ErrorGround,1280,800,00399EAB,0,1,1,4294967295,0,0
RI_ErrorGround,1536,800,0023E077,0,1,1,4294967295,0,0
RI_ErrorGround,2464,800,0002A15D,0,1,1,4294967295,0,0
RI_ErrorGround,2720,800,000C60E3,0,1,1,4294967295,0,0
RI_ErrorGround,3232,736,000E9070,0,1,1,4294967295,0,0
RI_ErrorGround,3488,736,003DC7E6,0,1,1,4294967295,0,0
RI_ErrorGround,3744,736,0028D8C2,0,1,1,4294967295,0,0
RI_ErrorGround,3744,256,000A46A6,0,1,1,4294967295,0,0
RI_ErrorGround,3488,256,00216725,0,1,1,4294967295,0,0
RI_ErrorGround,3232,296,0008226B,0,1,1,4294967295,0,0
RI_ErrorGround,2976,344,000313AB,0,1,1,4294967295,0,0
RI_ErrorGround,2720,344,0024D7EE,0,1,1,4294967295,0,0
RI_ErrorGround,2464,344,001DFA05,0,1,1,4294967295,0,0
RI_ErrorGround,1184,344,0038A018,0,1,1,4294967295,0,0
RI_ErrorGround,928,344,0001968C,0,1,1,4294967295,0,0
RI_ErrorGround,416,408,003F54E8,0,1,1,4294967295,0,0
RI_ErrorGround,-96,344,002BC23E,0,1,1,4294967295,0,0
RI_ErrorGround,4256,496,00130CCD,0,1,1,4294967295,0,0
RI_ErrorGround,4512,496,002C0AC0,0,1,1,4294967295,0,0
RI_ErrorGround,4768,496,00225FDF,0,1,1,4294967295,0,0
RI_ErrorGround,5280,560,00148F97,0,1,1,4294967295,0,0
RI_ErrorGround,5536,560,000E8674,0,1,1,4294967295,0,0
ErrorSlopeR,5152,562,0018C3CB,0,1,1,4294967295,0,0
RI_ErrorGround,5792,592,000D2A28,0,1,1,4294967295,0,0
RI_ErrorGround,6048,592,00041513,0,1,1,4294967295,0,0
RI_ErrorGround,6256,992,0029325F,0,1,1,4294967295,0,0
RI_ErrorGround,6000,992,0025FBB2,0,1,1,4294967295,0,0
RI_ErrorGround,5744,992,00080DBE,0,1,1,4294967295,0,0
RI_ErrorGround,5488,992,00142EE1,0,1,1,4294967295,0,0
RI_ErrorGround,5232,992,00043F83,0,1,1,4294967295,0,0
RI_ErrorGround,4992,992,000FAE19,0,1,1,4294967295,0,0
RI_ErrorGround,4736,992,0015EF56,0,1,1,4294967295,0,0
RI_ErrorGround,4480,992,002E9790,0,1,1,4294967295,0,0
RI_ErrorGround,4256,1376,002A85BA,0,1,1,4294967295,0,0
RI_ErrorGround,4512,1376,0016E092,0,1,1,4294967295,0,0
RI_ErrorGround,4768,1376,002E32A1,0,1,1,4294967295,0,0
RI_ErrorGround,5024,1376,001ADEA8,0,1,1,4294967295,0,0
RI_ErrorGround,5280,1376,002FF0CF,0,1,1,4294967295,0,0
RI_ErrorGround,5536,1376,00344CA1,0,1,1,4294967295,0,0
RI_ErrorGround,5792,1376,003A82D1,0,1,1,4294967295,0,0
RI_ErrorGround,6048,1376,002013EE,0,1,1,4294967295,0,0
RI_ErrorGround,6304,1376,00340288,0,1,1,4294967295,0,0
RI_ErrorGround,6560,1376,002890C4,0,1,1,4294967295,0,0
RI_ErrorGround,6816,1376,00237BBD,0,1,1,4294967295,0,0
RI_ErrorGround,7072,608,002EDFDD,0,1,1,4294967295,0,0
RI_ErrorGround,7328,608,0014102F,0,1,1,4294967295,0,0
RI_ErrorGround,7584,608,00087BF0,0,1,1,4294967295,0,0
ErrorSlopeR,7968,674,000751CF,0,1,1,4294967295,0,0
ErrorSlopeR,8224,738,001DDDF4,0,1,1,4294967295,0,0
RI_ErrorGround,8352,736,00349617,0,1,1,4294967295,0,0
RI_ErrorGround,8608,736,0033419F,0,1,1,4294967295,0,0
RI_ErrorGround,8864,679,0004D1EA,0,1,1,4294967295,0,0
RI_ErrorGround,9120,679,000E33E0,0,1,1,4294967295,0,0
ErrorSlopeR,9504,745,00105F46,0,1,1,4294967295,0,0
RI_ErrorGround,9632,743,00310604,0,1,1,4294967295,0,0
RI_ErrorGround,10128,744,00164308,0,1,1,4294967295,0,0
RI_ErrorGround,9888,744,001E727F,0,1,1,4294967295,0,0
RI_ErrorGround,10384,744,0016ADB1,0,1,1,4294967295,0,0
RI_ErrorGround,10640,744,000CBEC8,0,1,1,4294967295,0,0
RI_ErrorGround,10896,744,000735DA,0,1,1,4294967295,0,0
ErrorSlopeR,11280,810,00238DA6,0,1,1,4294967295,0,0
ErrorSlopeR,11536,874,0023E8D9,0,1,1,4294967295,0,0
RI_ErrorGround,11664,872,0003C859,0,1,1,4294967295,0,0
RI_ErrorGround,11920,872,0020F013,0,1,1,4294967295,0,0
RI_ErrorGround,12176,1432,002FC99C,0,1,1,4294967295,0,0
RI_ErrorGround,12432,1432,003E2308,0,1,1,4294967295,0,0
RI_ErrorGround,12688,1432,003C1293,0,1,1,4294967295,0,0
RI_ErrorGround,12944,1432,0035D6A0,0,1,1,4294967295,0,0
RI_ErrorGround,13200,1432,003CC235,0,1,1,4294967295,0,0
RI_ErrorGround,13456,1432,00047B03,0,1,1,4294967295,0,0
RI_ErrorGround,13712,1432,003F9BFC,0,1,1,4294967295,0,0
RI_ErrorGround,13968,1432,000A2D7F,0,1,1,4294967295,0,0
RI_ErrorGround,14224,1432,0020D60D,0,1,1,4294967295,0,0
RI_ErrorGround,14480,1432,00180190,0,1,1,4294967295,0,0
RI_ErrorGround,14736,1432,000E421C,0,1,1,4294967295,0,0
RI_ErrorGround,14992,1432,00241AB6,0,1,1,4294967295,0,0
RI_ErrorGround,15248,1432,00073362,0,1,1,4294967295,0,0
RI_ErrorGround,15504,1432,000B0ED5,0,1,1,4294967295,0,0
RI_ErrorGround,15760,1432,0021F52F,0,1,1,4294967295,0,0
RI_ErrorGround,16016,1432,001AAE78,0,1,1,4294967295,0,0
RI_ErrorGround,16272,1432,00302811,0,1,1,4294967295,0,0
RI_ErrorGround,16528,1432,0002062C,0,1,1,4294967295,0,0
RI_ErrorGround,16784,1432,0013F46D,0,1,1,4294967295,0,0
RI_ErrorGround,17040,1432,001549BB,0,1,1,4294967295,0,0
RI_ErrorGround,17296,1432,0010CE6C,0,1,1,4294967295,0,0
RI_ErrorGround,17552,1432,003208E7,0,1,1,4294967295,0,0
RI_ErrorGround,17808,1432,0026D476,0,1,1,4294967295,0,0
RI_ErrorGround,18064,1432,00307C35,0,1,1,4294967295,0,0
RI_ErrorGround,18320,1432,003CE67E,0,1,1,4294967295,0,0
RI_ErrorGround,18576,1432,00029150,0,1,1,4294967295,0,0
RI_ErrorGround,18832,1432,003E3795,0,1,1,4294967295,0,0
RI_ErrorGround,19088,1432,0015EB43,0,1,1,4294967295,0,0
RI_ErrorGround,19344,1432,0009FA86,0,1,1,4294967295,0,0
RI_ErrorGround,19600,1432,0028AF08,0,1,1,4294967295,0,0
RI_ErrorGround,19856,1432,00278DE6,0,1,1,4294967295,0,0
RI_ErrorGround,20112,1432,0023C668,0,1,1,4294967295,0,0
RI_ErrorGround,20368,1432,003D32CA,0,1,1,4294967295,0,0
RI_ErrorGround,20624,1432,00165DAF,0,1,1,4294967295,0,0
RI_ErrorGround,20880,1432,0021AB8A,0,1,1,4294967295,0,0
RI_ErrorGround,21136,1432,000A36E7,0,1,1,4294967295,0,0
RI_ErrorGround,21392,1432,000EE819,0,1,1,4294967295,0,0
RI_ErrorGround,21648,1432,003B8B6C,0,1,1,4294967295,0,0
RI_ErrorGround,21904,1432,002085B2,0,1,1,4294967295,0,0
RI_ErrorGround,22160,1432,001FA63A,0,1,1,4294967295,0,0
RI_ErrorGround,22416,1432,00380230,0,1,1,4294967295,0,0
RI_ErrorGround,22672,1432,0011BDEA,0,1,1,4294967295,0,0
RI_ErrorGround,22928,1432,001EAC7D,0,1,1,4294967295,0,0
RI_ErrorGround,23184,1432,0031065A,0,1,1,4294967295,0,0
HiddenPalaceWall,3904,816,0032EEAF,0,1,1,4294967295,0,0
HiddenPalaceWall,23536,1408,000E610F,0,1,1,4294967295,0,0
HiddenPalaceWall,23728,1408,0019F63F,0,1,1,4294967295,0,0
HiddenPalaceWall,23920,1408,002DFCC5,0,1,1,4294967295,0,0
HiddenPalaceWall,24112,1408,0002B39C,0,1,1,4294967295,0,0
HiddenPalaceWall,24304,1408,0016800E,0,1,1,4294967295,0,0
HiddenPalaceWall,24496,1408,002AD890,0,1,1,4294967295,0,0
HiddenPalaceWall,24688,1408,00190BD5,0,1,1,4294967295,0,0
HiddenPalaceWall,24880,1408,000FEF5B,0,1,1,4294967295,0,0
HiddenPalaceWall,23536,1056,002D4B07,0,1,1,4294967295,0,0
HiddenPalaceWall,23728,1056,0034DE92,0,1,1,4294967295,0,0
HiddenPalaceWall,23920,1056,0037D388,0,1,1,4294967295,0,0
HiddenPalaceWall,24112,1056,0003C8D9,0,1,1,4294967295,0,0
HiddenPalaceWall,24304,1056,001CC8AE,0,1,1,4294967295,0,0
HiddenPalaceWall,24496,856,0000245F,0,1,1,4294967295,0,0
HiddenPalaceWall,24688,856,000CC807,0,1,1,4294967295,0,0
HiddenPalaceWall,24880,856,001BB171,0,1,1,4294967295,0,0
HiddenPalaceWall,25072,1408,002E06AC,0,1,1,4294967295,0,0
HiddenPalaceWall,25264,1408,001B41FC,0,1,1,4294967295,0,0
HiddenPalaceWall,25456,1408,0039F707,0,1,1,4294967295,0,0
HiddenPalaceWall,25648,1408,0037AE61,0,1,1,4294967295,0,0
HiddenPalaceWall,25840,1408,001093D0,0,1,1,4294967295,0,0
HiddenPalaceWall,26016,1408,0030EEDD,0,1,1,4294967295,0,0
HiddenPalaceWall,25072,856,002FED59,0,1,1,4294967295,0,0
HiddenPalaceWall,25264,856,003E2F1D,0,1,1,4294967295,0,0
HiddenPalaceWall,25456,856,0028F809,0,1,1,4294967295,0,0
HiddenPalaceWall,25648,856,00163E41,0,1,1,4294967295,0,0
HiddenPalaceWall,25840,856,002D3C5D,0,1,1,4294967295,0,0
HiddenPalaceWall,26016,856,003AA671,0,1,1,4294967295,0,0
Solid_Line,0,384,00034C39,0,1,1,4294967295,0,0
Solid_Line,0,288,001C99A3,0,1,1,4294967295,0,0
Solid_Line,0,208,0011451F,0,1,1,4294967295,0,0
Solid_Line,0,112,002DDC52,0,1,1,4294967295,0,0
Solid_Line,0,16,0003BF8D,0,1,1,4294967295,0,0
Solid_Line,4000,32,0005C4D9,0,1,1,4294967295,0,0
Solid_Line,4000,112,002300FF,0,1,1,4294967295,0,0
Solid_Line,4000,208,00178F9F,0,1,1,4294967295,0,0
Solid_Line,4000,304,00313172,0,1,1,4294967295,0,0
Solid_Line,4000,400,000CC484,0,1,1,4294967295,0,0
Solid_Line,4000,496,0032C4E1,0,1,1,4294967295,0,0
Solid_Line,4000,592,001039DB,0,1,1,4294967295,0,0
Solid_Line,4000,688,00114C8D,0,1,1,4294967295,0,0
Solid_Line,4000,784,003E7258,0,1,1,4294967295,0,0
Solid_Line,4000,880,00155567,0,1,1,4294967295,0,0
Solid_Line,4000,976,00199135,0,1,1,4294967295,0,0
Solid_Line,3744,320,0019B575,0,1,1,4294967295,0,0
Solid_Line,3744,416,00330D8E,0,1,1,4294967295,0,0
Solid_Line,3744,480,0001AA8B,0,1,1,4294967295,0,0
Solid_Line,3744,80,001D4E2B,0,1,1,4294967295,0,0
Solid_Line,3744,0,00041063,0,1,1,4294967295,0,0
Solid_Line,3488,80,0008C14A,0,1,1,4294967295,0,0
Solid_Line,3488,0,002BA9A8,0,1,1,4294967295,0,0
Vertical_Solid_Line,3536,128,00213C9B,0,1,1,4294967295,0,0
Vertical_Solid_Line,3680,128,002EBD9D,0,1,1,4294967295,0,0
Vertical_Solid_Line,3600,128,000B4109,0,1,1,4294967295,0,0
Vertical_Solid_Line,3792,0,00074DE1,0,1,1,4294967295,0,0
Vertical_Solid_Line,3888,0,0006DAF7,0,1,1,4294967295,0,0
Vertical_Solid_Line,3968,0,0036CD1F,0,1,1,4294967295,0,0
Vertical_Solid_Line,48,0,000898B3,0,1,1,4294967295,0,0
Vertical_Solid_Line,144,0,00329585,0,1,1,4294967295,0,0
Vertical_Solid_Line,240,0,003F19BB,0,1,1,4294967295,0,0
Vertical_Solid_Line,352,0,00140E69,0,1,1,4294967295,0,0
Vertical_Solid_Line,464,0,002436FB,0,1,1,4294967295,0,0
Vertical_Solid_Line,560,0,0009697E,0,1,1,4294967295,0,0
Vertical_Solid_Line,672,0,00258D1D,0,1,1,4294967295,0,0
Vertical_Solid_Line,768,0,00061E5F,0,1,1,4294967295,0,0
Vertical_Solid_Line,864,0,0003B0CA,0,1,1,4294967295,0,0
Vertical_Solid_Line,976,0,0008B1D5,0,1,1,4294967295,0,0
Vertical_Solid_Line,1088,0,0010D15E,0,1,1,4294967295,0,0
Vertical_Solid_Line,1184,0,00367181,0,1,1,4294967295,0,0
Vertical_Solid_Line,1280,0,00085DFF,0,1,1,4294967295,0,0
Vertical_Solid_Line,1392,0,0021B2A7,0,1,1,4294967295,0,0
Vertical_Solid_Line,1504,0,00276421,0,1,1,4294967295,0,0
Vertical_Solid_Line,1616,0,00024BE4,0,1,1,4294967295,0,0
Vertical_Solid_Line,1712,0,000FC404,0,1,1,4294967295,0,0
Vertical_Solid_Line,1824,0,003FAC29,0,1,1,4294967295,0,0
Vertical_Solid_Line,1936,0,00249998,0,1,1,4294967295,0,0
Vertical_Solid_Line,2032,0,00334E49,0,1,1,4294967295,0,0
Vertical_Solid_Line,2128,0,000EA1BC,0,1,1,4294967295,0,0
Vertical_Solid_Line,2240,0,00076DD5,0,1,1,4294967295,0,0
Vertical_Solid_Line,2336,0,0004A35A,0,1,1,4294967295,0,0
Vertical_Solid_Line,2448,0,0022F295,0,1,1,4294967295,0,0
Vertical_Solid_Line,2560,0,002E8019,0,1,1,4294967295,0,0
Vertical_Solid_Line,2656,0,001D02AB,0,1,1,4294967295,0,0
Vertical_Solid_Line,2752,0,00176D5B,0,1,1,4294967295,0,0
Vertical_Solid_Line,2864,0,000BD5C4,0,1,1,4294967295,0,0
Vertical_Solid_Line,2976,0,000EEBA9,0,1,1,4294967295,0,0
Vertical_Solid_Line,3088,0,0037F087,0,1,1,4294967295,0,0
Vertical_Solid_Line,3200,0,00235767,0,1,1,4294967295,0,0
Vertical_Solid_Line,3312,0,000895FE,0,1,1,4294967295,0,0
Vertical_Solid_Line,3424,0,003C65DB,0,1,1,4294967295,0,0
Solid_Line,0,464,001C6C65,0,1,1,4294967295,0,0
Solid_Line,0,560,0030244E,0,1,1,4294967295,0,0
Solid_Line,0,656,002A8643,0,1,1,4294967295,0,0
Solid_Line,0,736,001ABAE6,0,1,1,4294967295,0,0
Solid_Line,0,832,00388114,0,1,1,4294967295,0,0
Solid_Line,0,928,00256542,0,1,1,4294967295,0,0
Solid_Line,0,992,003B13F6,0,1,1,4294967295,0,0
Solid_Line,4256,48,001B3860,0,1,1,4294967295,0,0
Solid_Line,4256,144,00324272,0,1,1,4294967295,0,0
Solid_Line,4256,240,002FC0D3,0,1,1,4294967295,0,0
Solid_Line,4256,336,0024FB2F,0,1,1,4294967295,0,0
Solid_Line,4256,432,00027B1A,0,1,1,4294967295,0,0
Solid_Line,4256,528,003BEFBF,0,1,1,4294967295,0,0
Solid_Line,4256,608,00399EFE,0,1,1,4294967295,0,0
Solid_Line,4256,704,001EC520,0,1,1,4294967295,0,0
Solid_Line,4256,800,003971F6,0,1,1,4294967295,0,0
Solid_Line,4256,896,000C84D5,0,1,1,4294967295,0,0
Solid_Line,4256,960,0028000A,0,1,1,4294967295,0,0
Solid_Line,7072,752,002511F2,0,1,1,4294967295,0,0
Solid_Line,7072,848,002DE991,0,1,1,4294967295,0,0
Solid_Line,7072,944,00390237,0,1,1,4294967295,0,0
Solid_Line,7072,1040,002DBC5F,0,1,1,4294967295,0,0
Solid_Line,7072,1136,00253755,0,1,1,4294967295,0,0
Solid_Line,7072,1232,0024BF34,0,1,1,4294967295,0,0
Solid_Line,7072,1328,002F0308,0,1,1,4294967295,0,0
Solid_Line,7072,1424,0016EE1F,0,1,1,4294967295,0,0
Solid_Line,6768,1136,0006498D,0,1,1,4294967295,0,0
Solid_Line,6768,1056,0021A347,0,1,1,4294967295,0,0
Solid_Line,6768,960,002FD998,0,1,1,4294967295,0,0
Solid_Line,6768,864,000242D3,0,1,1,4294967295,0,0
Solid_Line,6768,768,00101D55,0,1,1,4294967295,0,0
Solid_Line,6768,672,0024286B,0,1,1,4294967295,0,0
Solid_Line,6768,592,002B3F48,0,1,1,4294967295,0,0
Solid_Line,6768,496,00086BA8,0,1,1,4294967295,0,0
Solid_Line,6768,400,003DA538,0,1,1,4294967295,0,0
Solid_Line,6768,304,000335B6,0,1,1,4294967295,0,0
Solid_Line,6768,208,0035DFBC,0,1,1,4294967295,0,0
Solid_Line,6768,112,002627F1,0,1,1,4294967295,0,0
Solid_Line,6768,16,001B7B44,0,1,1,4294967295,0,0
Solid_Line,6512,960,0003190F,0,1,1,4294967295,0,0
Solid_Line,6512,864,001FFA5A,0,1,1,4294967295,0,0
Solid_Line,6512,768,000B81C2,0,1,1,4294967295,0,0
Solid_Line,6512,672,0022A2BD,0,1,1,4294967295,0,0
Solid_Line,6512,576,000EE4AA,0,1,1,4294967295,0,0
Solid_Line,6512,480,000529A2,0,1,1,4294967295,0,0
Solid_Line,6512,384,00049491,0,1,1,4294967295,0,0
Solid_Line,6512,288,00097660,0,1,1,4294967295,0,0
Solid_Line,6512,192,0012DEE3,0,1,1,4294967295,0,0
Solid_Line,6512,96,003A8641,0,1,1,4294967295,0,0
Solid_Line,6512,16,003BCC90,0,1,1,4294967295,0,0
Solid_Line,6304,656,00208C7C,0,1,1,4294967295,0,0
Solid_Line,6304,704,000162AE,0,1,1,4294967295,0,0
Solid_Line,4256,1056,00118C6F,0,1,1,4294967295,0,0
Solid_Line,4256,1152,002AA9F2,0,1,1,4294967295,0,0
Solid_Line,4256,1248,001442C9,0,1,1,4294967295,0,0
Solid_Line,4256,1328,001DDE38,0,1,1,4294967295,0,0
Solid_Line,4256,1408,003C1D73,0,1,1,4294967295,0,0
Solid_Line,4480,1072,001E2511,0,1,1,4294967295,0,0
Solid_Line,4480,1136,000778BD,0,1,1,4294967295,0,0
Solid_Line,4000,1072,003771CB,0,1,1,4294967295,0,0
Solid_Line,4000,1168,001EEA10,0,1,1,4294967295,0,0
Solid_Line,4000,1264,003C9A89,0,1,1,4294967295,0,0
Solid_Line,4000,1360,0001FC28,0,1,1,4294967295,0,0
Solid_Line,4000,1456,0010AE7F,0,1,1,4294967295,0,0
Solid_Line,4256,1472,00045D4A,0,1,1,4294967295,0,0
Vertical_Solid_Line,6240,752,00139EE1,0,1,1,4294967295,0,0
Vertical_Solid_Line,6144,752,00043E3A,0,1,1,4294967295,0,0
Vertical_Solid_Line,6048,752,003EAA03,0,1,1,4294967295,0,0
Vertical_Solid_Line,5936,752,001E0780,0,1,1,4294967295,0,0
Vertical_Solid_Line,5824,752,00023583,0,1,1,4294967295,0,0
Vertical_Solid_Line,5712,752,001E9C70,0,1,1,4294967295,0,0
Vertical_Solid_Line,5600,752,00169A19,0,1,1,4294967295,0,0
Vertical_Solid_Line,5488,752,001FC4EF,0,1,1,4294967295,0,0
Vertical_Solid_Line,5392,752,001D87CC,0,1,1,4294967295,0,0
Vertical_Solid_Line,5296,752,003AE2D8,0,1,1,4294967295,0,0
Vertical_Solid_Line,5200,752,001D46E1,0,1,1,4294967295,0,0
Vertical_Solid_Line,5088,752,000C48D0,0,1,1,4294967295,0,0
Vertical_Solid_Line,4992,752,0006F94B,0,1,1,4294967295,0,0
Vertical_Solid_Line,4880,752,001795C8,0,1,1,4294967295,0,0
Vertical_Solid_Line,4784,752,00298148,0,1,1,4294967295,0,0
Vertical_Solid_Line,4688,752,0017B38C,0,1,1,4294967295,0,0
Vertical_Solid_Line,4592,752,00372BEC,0,1,1,4294967295,0,0
Vertical_Solid_Line,4480,752,0004A353,0,1,1,4294967295,0,0
Vertical_Solid_Line,4368,752,000C397E,0,1,1,4294967295,0,0
Vertical_Solid_Line,4304,752,0017B94F,0,1,1,4294967295,0,0
Vertical_Solid_Line,4528,1184,000BB741,0,1,1,4294967295,0,0
Vertical_Solid_Line,4624,1184,003E19F4,0,1,1,4294967295,0,0
Vertical_Solid_Line,4736,1184,00163F1C,0,1,1,4294967295,0,0
Vertical_Solid_Line,4832,1184,000A0EF2,0,1,1,4294967295,0,0
Vertical_Solid_Line,4928,1184,0002D919,0,1,1,4294967295,0,0
Vertical_Solid_Line,5024,1184,001537D3,0,1,1,4294967295,0,0
Vertical_Solid_Line,5120,1184,00252D12,0,1,1,4294967295,0,0
Vertical_Solid_Line,5200,1184,0006412E,0,1,1,4294967295,0,0
Vertical_Solid_Line,5280,1184,000F1AC3,0,1,1,4294967295,0,0
Vertical_Solid_Line,5376,1184,002A7586,0,1,1,4294967295,0,0
Vertical_Solid_Line,5472,1184,0035D7F2,0,1,1,4294967295,0,0
Vertical_Solid_Line,5568,1184,00026980,0,1,1,4294967295,0,0
Vertical_Solid_Line,5664,1184,000CA6EA,0,1,1,4294967295,0,0
Vertical_Solid_Line,5760,1184,003F3668,0,1,1,4294967295,0,0
Vertical_Solid_Line,5872,1184,00047E16,0,1,1,4294967295,0,0
Vertical_Solid_Line,5968,1184,00228DAB,0,1,1,4294967295,0,0
Vertical_Solid_Line,6080,1184,0028E020,0,1,1,4294967295,0,0
Vertical_Solid_Line,6176,1184,0006603C,0,1,1,4294967295,0,0
Vertical_Solid_Line,6272,1184,00185D0D,0,1,1,4294967295,0,0
Vertical_Solid_Line,6384,1184,0018039D,0,1,1,4294967295,0,0
Vertical_Solid_Line,6480,1184,001DF8CE,0,1,1,4294967295,0,0
Vertical_Solid_Line,6592,1184,001FB278,0,1,1,4294967295,0,0
Vertical_Solid_Line,6704,1184,002119C5,0,1,1,4294967295,0,0
Solid_Line,7072,688,002AC04A,0,1,1,4294967295,0,0
Solid_Line,12176,1456,0038DA4E,0,1,1,4294967295,0,0
Solid_Line,12176,1360,00397FE6,0,1,1,4294967295,0,0
Solid_Line,12176,1264,00271EFA,0,1,1,4294967295,0,0
Solid_Line,12176,1168,000F4247,0,1,1,4294967295,0,0
Solid_Line,12176,1080,0027E379,0,1,1,4294967295,0,0
Solid_Line,12176,1008,002E4C25,0,1,1,4294967295,0,0
Solid_Line,12176,944,0014F3E7,0,1,1,4294967295,0,0
Solid_Line,12400,1256,0005184A,0,1,1,4294967295,0,0
Solid_Line,12400,1160,002A9E60,0,1,1,4294967295,0,0
Solid_Line,12400,1072,0038F4DB,0,1,1,4294967295,0,0
Solid_Line,12400,984,0037763E,0,1,1,4294967295,0,0
Solid_Line,12400,896,000048E1,0,1,1,4294967295,0,0
Solid_Line,12400,816,00004244,0,1,1,4294967295,0,0
Solid_Line,12400,728,002E5378,0,1,1,4294967295,0,0
Solid_Line,12400,648,001D1323,0,1,1,4294967295,0,0
Solid_Line,12400,560,003858EE,0,1,1,4294967295,0,0
Solid_Line,12400,472,000CFDB4,0,1,1,4294967295,0,0
Solid_Line,12400,384,003E2356,0,1,1,4294967295,0,0
Solid_Line,12400,304,0013BC1C,0,1,1,4294967295,0,0
Solid_Line,12400,208,000078BD,0,1,1,4294967295,0,0
Solid_Line,12400,112,003401B1,0,1,1,4294967295,0,0
Solid_Line,12400,8,00069913,0,1,1,4294967295,0,0
Solid_Line,12656,1256,000AC2FB,0,1,1,4294967295,0,0
Solid_Line,12656,1176,0025AF0D,0,1,1,4294967295,0,0
Solid_Line,12656,1088,003D968A,0,1,1,4294967295,0,0
Solid_Line,12656,1000,001E48DD,0,1,1,4294967295,0,0
Solid_Line,12656,904,00387D93,0,1,1,4294967295,0,0
Solid_Line,12656,816,00103CC8,0,1,1,4294967295,0,0
Solid_Line,12656,720,002A6BC8,0,1,1,4294967295,0,0
Solid_Line,12656,632,003CD7D1,0,1,1,4294967295,0,0
Solid_Line,12656,536,002AF5D8,0,1,1,4294967295,0,0
Solid_Line,12656,440,000ACE6F,0,1,1,4294967295,0,0
Solid_Line,12656,352,0026CCE2,0,1,1,4294967295,0,0
Solid_Line,12656,264,00082FD7,0,1,1,4294967295,0,0
Solid_Line,12656,176,0002D40F,0,1,1,4294967295,0,0
Solid_Line,12656,88,000CD9C0,0,1,1,4294967295,0,0
Solid_Line,12656,8,0020BE2E,0,1,1,4294967295,0,0
Vertical_Solid_Line,12448,1304,001279DE,0,1,1,4294967295,0,0
Vertical_Solid_Line,12592,1304,001F5C23,0,1,1,4294967295,0,0
Vertical_Solid_Line,12512,1304,0004B764,0,1,1,4294967295,0,0
Solid_Line,23440,1424,001535FB,0,1,1,4294967295,0,0
Solid_Line,23440,1344,0024A4FD,0,1,1,4294967295,0,0
Solid_Line,23440,1248,00177357,0,1,1,4294967295,0,0
Solid_Line,23440,1152,0026D235,0,1,1,4294967295,0,0
Solid_Line,23440,1072,00367A5E,0,1,1,4294967295,0,0
Solid_Line,23440,992,000A48CF,0,1,1,4294967295,0,0
Solid_Line,25984,1248,002E3AD3,0,1,1,4294967295,0,0
Solid_Line,25984,1160,00179F96,0,1,1,4294967295,0,0
Solid_Line,25984,1064,001DBE03,0,1,1,4294967295,0,0
Solid_Line,25984,992,001ACD6F,0,1,1,4294967295,0,0
JSC_ErrorLine1,3936,352,00389FA9,0,1,1,4294967295,0,0
JSC_ErrorLine1,3792,352,001AE8A4,0,1,1,4294967295,0,0
JSC_ErrorLine1,3872,352,000E5BAB,0,1,1,4294967295,0,0
JSC_ErrorLine2,3488,160,000D3BAB,0,1,1,4294967295,0,0
JSC_ErrorLine2,3488,256,000367A2,0,1,1,4294967295,0,0
JSC_ErrorLine3,48,48,003ADF55,0,1,1,4294967295,0,0
JSC_ErrorLine3,144,48,001902E5,0,1,1,4294967295,0,0
JSC_ErrorLine3,240,48,003A533D,0,1,1,4294967295,0,0
JSC_ErrorLine3,336,48,001372A9,0,1,1,4294967295,0,0
JSC_ErrorLine3,432,48,00311BCD,0,1,1,4294967295,0,0
JSC_ErrorLine4,4368,48,000511CC,0,1,1,4294967295,0,0
JSC_ErrorLine5,7504,576,00363A2B,0,1,1,4294967295,0,0
JSC_ErrorLine5,7504,480,00284C68,0,1,1,4294967295,0,0
JSC_ErrorLine5,7504,384,00289BB3,0,1,1,4294967295,0,0
JSC_ErrorLine5,7504,304,003354E6,0,1,1,4294967295,0,0
JSC_ErrorLine5,7504,208,0006A5B3,0,1,1,4294967295,0,0
JSC_ErrorLine5,7504,112,000112DD,0,1,1,4294967295,0,0
JSC_ErrorLine5,7504,32,003D6A16,0,1,1,4294967295,0,0
JSC_ErrorLine6,12224,1024,00398C99,0,1,1,4294967295,0,0
JSC_ErrorLine6,12336,1024,0000127C,0,1,1,4294967295,0,0
JSC_ErrorLine7,25072,810,002C3910,0,1,1,4294967295,0,0
HUDer,16,0,003293D2,0,1,1,4294967295,0,0
