FakeDeathSonic,400,352,000EBF73,0,1,1,4294967295,0,0
SolidCube,48,432,0020D44B,0,1,1,4294967295,0,0
SolidCube,144,432,00118362,0,1,1,4294967295,0,0
SolidCube,240,432,00169DDC,0,1,1,4294967295,0,0
SolidCube,336,432,0034FF4E,0,1,1,4294967295,0,0
SolidCube,432,432,001B5AA9,0,1,1,4294967295,0,0
SolidCube,528,432,000AD6BD,0,1,1,4294967295,0,0
SolidCube,624,432,0024311B,0,1,1,4294967295,0,0
SolidCube,720,432,000888CC,0,1,1,4294967295,0,0
SolidCube,816,432,000EE4E5,0,1,1,4294967295,0,0
SolidCube,912,432,00228D83,0,1,1,4294967295,0,0
SolidCube,992,432,000B0507,0,1,1,4294967295,0,0
DeathRing,300,288,001724DC,0,1,1,4294967295,0,0
RF_16,0,0,0008131F,0,1,1,4294967295,0,0
