BadnickCorpse2,1696,2848,000DC417,0,1,1,4294967295,0,0
BadnickCorpse2,3264,2864,001879FA,0,1,1,4294967295,0,0
BadnickCorpse2,8096,2544,002A3590,0,1,1,4294967295,0,0
BadnickCorpse2,6112,384,003D2436,0,1,1,4294967295,0,0
BadnickCorpse2,3760,1056,0030A666,0,1,1,4294967295,0,0
BadnickCorpse2,9808,1424,001F39C4,0,1,1,4294967295,0,0
BadnickCorpse2,9408,1808,0003E04E,0,1,1,4294967295,0,0
IF_ArrowSolid,1680,2848,003E2DB2,0,1,1,4294967295,0,0
IF_ArrowSolid,3248,2864,003696F4,0,1,1,4294967295,0,1
IF_ArrowSolid,8080,2544,0007A29A,0,1,1,4294967295,0,0
IF_ArrowSolid,9392,1808,00294120,0,1,1,4294967295,0,1
IF_ArrowSolid,9792,1424,003127F4,0,1,1,4294967295,0,0
IF_ArrowSolid,3744,1056,0014D6C4,0,1,1,4294967295,0,0
IF_ArrowSolid,6096,384,0007EDEE,0,1,1,4294967295,0,1
IF_Ballista,3088,1056,00313FB8,0,1,1,4294967295,0,0
IF_Ballista,816,2928,002A15D0,0,1,1,4294967295,0,0
IF_Ballista,816,2832,003B0CEA,0,1,1,4294967295,0,0
IF_Ballista,816,2704,0035C4B4,0,1,1,4294967295,0,0
IF_Ballista,816,2608,00084635,0,1,1,4294967295,0,0
IF_Ballista,96,256,003AE71B,0,1,1,4294967295,0,0
IF_Ballista,1856,416,0032CC73,0,1,1,4294967295,0,0
IF_Ballista,4768,3744,00272049,0,1,1,4294967295,0,1
IF_Ballista,2672,3744,0002CCD3,0,1,1,4294967295,0,0
IF_Ballista,6064,1008,002B7B60,0,1,1,4294967295,0,0
IF_Ballista,4288,1008,0006C3F6,0,1,1,4294967295,0,0
IF_Ballista,1280,928,002BC30A,0,1,1,4294967295,0,0
IF_Ballista,5680,560,00210EEA,0,1,1,4294967295,0,0
IF_Ballista,6432,560,002D0CF7,0,1,1,4294967295,0,1
IF_Ballista,7216,592,000BAF33,0,1,1,4294967295,0,0
IF_Ballista,7728,720,0035EBDC,0,1,1,4294967295,0,0
IF_Ballista,9280,560,000C9F3F,0,1,1,4294967295,0,1
IF_SpringAngleL,9808,1904,00295ED7,0,1,1,4294967295,0,0
IF_UnderSpring,9392,1552,003B5E11,0,1,1,4294967295,0,0
IF_SpringAngleR,80,400,00216063,0,1,1,4294967295,0,0
IF_SpringAngleR,7376,2485,00273D0C,0,1,1,4294967295,0,0
IF_SpringAngleL,8032,3680,00236B64,0,1,1,4294967295,0,0
IF_UnderSpring,1168,3578,0021EEB4,0,1,1,4294967295,0,0
IF_SpringAngleR,1136,2932,001261E8,0,1,1,4294967295,0,0
IF_UnderSpring,7088,2825,000DE228,0,1,1,4294967295,0,0
IF_UnderSpring,9792,2537,002AE98A,0,1,1,4294967295,0,0
IF_UnderSpring,112,972,002D2271,0,1,1,4294967295,0,0
IF_SpringAngleL,3296,1085,0036C230,0,1,1,4294967295,0,0
IF_SpringAngleR,7376,3024,000D2959,0,1,1,4294967295,0,0
IF_Saw,8016,3824,00360504,0,1,1,4294967295,0,0
IF_Saw,7888,3824,00382DBF,0,1,1,4294967295,0,0
IF_Saw,7824,3824,0004367C,0,1,1,4294967295,0,0
IF_Saw,7760,3824,0007EB82,0,1,1,4294967295,0,0
IF_Saw,7632,3824,0004711F,0,1,1,4294967295,0,0
IF_Saw,7568,3824,00084216,0,1,1,4294967295,0,0
IF_Saw,7440,3824,00227521,0,1,1,4294967295,0,0
IF_Saw,7376,3824,002BF029,0,1,1,4294967295,0,0
IF_Saw,7504,3824,00402DC6,0,1,1,4294967295,0,0
IF_Saw,7696,3824,00372292,0,1,1,4294967295,0,0
IF_Saw,7952,3824,0034888D,0,1,1,4294967295,0,0
IF_SawHolder,1184,3136,0017F15A,0,1,1,4294967295,0,0
IF_SawHolder,1184,3440,0019B026,0,1,1,4294967295,0,0
IF_Saw,1248,3136,0016E871,0,1,1,4294967295,0,0
IF_Saw,1248,3440,0014CAAF,0,1,1,4294967295,0,0
IF_SawHolder,9776,2352,002E1C28,0,1,1,4294967295,0,1
IF_SawHolder,9776,2128,003C514B,0,1,1,4294967295,0,1
IF_Saw,9712,2352,003680D6,0,1,1,4294967295,0,0
IF_Saw,9712,2128,00199C97,0,1,1,4294967295,0,0
IF_SawHolder,128,736,00147BE8,0,1,1,4294967295,0,0
IF_SawHolder,128,512,0031D79D,0,1,1,4294967295,0,0
IF_SawHolder,9440,1360,002B7455,0,1,1,4294967295,0,0
IF_Saw,9488,1360,000D7B23,0,1,1,4294967295,0,0
IF_Saw,192,736,000092FE,0,1,1,4294967295,0,0
IF_Saw,192,512,0033403F,0,1,1,4294967295,0,0
IF_Saw,3104,1184,00297C7C,0,1,1,4294967295,0,0
IF_Saw,3168,1184,00190F05,0,1,1,4294967295,0,0
IF_Saw,3232,1184,002FFAE3,0,1,1,4294967295,0,0
IF_Saw,3296,1184,0021ACA5,0,1,1,4294967295,0,0
IF_Saw,3360,1184,002FF806,0,1,1,4294967295,0,0
IF_Saw,3424,1184,002658E0,0,1,1,4294967295,0,0
IF_Saw,3488,1184,0006AF71,0,1,1,4294967295,0,0
IF_Saw,3552,1184,003F9424,0,1,1,4294967295,0,0
IF_Saw,3616,1184,00300459,0,1,1,4294967295,0,0
IF_Saw,3680,1184,001A9CDF,0,1,1,4294967295,0,0
IF_Saw,3744,1184,001DB130,0,1,1,4294967295,0,0
IF_Saw,2960,3824,00092D45,0,1,1,4294967295,0,0
IF_Saw,3024,3824,00190A83,0,1,1,4294967295,0,0
IF_Saw,3088,3824,00111F36,0,1,1,4294967295,0,0
IF_Saw,3152,3824,0010F98A,0,1,1,4294967295,0,0
IF_Saw,3424,3824,00249A21,0,1,1,4294967295,0,0
IF_Saw,3488,3824,000B064F,0,1,1,4294967295,0,0
IF_Saw,3552,3824,00111C91,0,1,1,4294967295,0,0
IF_Saw,3872,3824,003CE284,0,1,1,4294967295,0,0
IF_Saw,3936,3824,0024BC2B,0,1,1,4294967295,0,0
IF_Saw,4000,3824,003D08D4,0,1,1,4294967295,0,0
IF_CutSaw,9696,3792,000AE1D9,0,1,1,4294967295,0,0
IF_SawHolder2,6928,3760,0019D902,0,1,1,4294967295,0,0
IF_SawHolder2,5584,3584,003ABAA7,0,1,1,4294967295,0,0
IF_SawHolder2,4368,3776,003689E7,0,1,1,4294967295,0,0
IF_SawHolder2,1584,3520,00372184,0,1,1,4294967295,0,0
IF_SawHolder2,2128,2752,0004F0FA,0,1,1,4294967295,0,0
IF_SawHolder2,2720,2704,0031D380,0,1,1,4294967295,0,0
IF_SawHolder2,4432,2832,000D89DF,0,1,1,4294967295,0,0
IF_SawHolder2,4800,2784,00017922,0,1,1,4294967295,0,0
IF_SawHolder2,5088,2848,00052D74,0,1,1,4294967295,0,0
IF_SawHolder2,5408,2816,002D724C,0,1,1,4294967295,0,0
IF_SawHolder2,5712,2800,00249706,0,1,1,4294967295,0,0
IF_SawHolder2,6048,2832,003E7397,0,1,1,4294967295,0,0
IF_SawHolder2,6384,2784,0039B273,0,1,1,4294967295,0,0
IF_SawHolder2,6640,2832,00293488,0,1,1,4294967295,0,0
IF_SawHolder2,6896,2800,00389E7C,0,1,1,4294967295,0,0
IF_SawHolder2,5360,2528,002E8EF9,0,1,1,4294967295,0,0
IF_SawHolder2,6464,2576,0024C210,0,1,1,4294967295,0,0
IF_SawHolder2,8928,2545,000FE643,0,1,1,4294967295,0,0
IF_SawHolder2,9072,1008,0020308B,0,1,1,4294967295,0,0
IF_SawHolder2,7536,1104,00356EE4,0,1,1,4294967295,0,0
IF_SawHolder2,6352,1008,001E30A8,0,1,1,4294967295,0,0
IF_SawHolder2,5408,944,000C0EED,0,1,1,4294967295,0,0
IF_SawHolder2,4544,1024,0028E7CE,0,1,1,4294967295,0,0
IF_SawHolder2,4704,1010,0024F02D,0,1,1,4294967295,0,0
IF_SawHolder2,2800,960,003F17AF,0,1,1,4294967295,0,0
IF_SawHolder2,944,864,0003E113,0,1,1,4294967295,0,0
IF_SawHolder2,1216,240,0010D358,0,1,1,4294967295,0,0
IF_SawHolder2,2400,416,001EEFB4,0,1,1,4294967295,0,0
IF_SawHolder2,3472,400,003196E6,0,1,1,4294967295,0,0
IF_SawHolder2,4432,416,00058623,0,1,1,4294967295,0,0
IF_SawHolder2,6528,512,002EE04C,0,1,1,4294967295,0,0
IF_SawHolder2,8912,592,0014558E,0,1,1,4294967295,0,0
IF_Saw,6928,3696,001BE17E,0,1,1,4294967295,0,0
IF_Saw,5584,3520,00352D6B,0,1,1,4294967295,0,0
IF_Saw,4368,3712,0024137B,0,1,1,4294967295,0,0
IF_Saw,1584,3456,003F080A,0,1,1,4294967295,0,0
IF_Saw,2128,2688,002AD225,0,1,1,4294967295,0,0
IF_Saw,2720,2640,001FBDD1,0,1,1,4294967295,0,0
IF_Saw,4432,2768,000A19D5,0,1,1,4294967295,0,0
IF_Saw,4800,2736,003F29C7,0,1,1,4294967295,0,0
IF_Saw,5088,2784,0014862A,0,1,1,4294967295,0,0
IF_Saw,5408,2752,00283049,0,1,1,4294967295,0,0
IF_Saw,5360,2464,0019B385,0,1,1,4294967295,0,0
IF_Saw,5712,2736,001A414B,0,1,1,4294967295,0,0
IF_Saw,6048,2768,003BD996,0,1,1,4294967295,0,0
IF_Saw,6384,2736,000CFCA1,0,1,1,4294967295,0,0
IF_Saw,6464,2512,001970EB,0,1,1,4294967295,0,0
IF_Saw,6640,2768,0023FA11,0,1,1,4294967295,0,0
IF_Saw,6896,2736,0026F760,0,1,1,4294967295,0,0
IF_Saw,8928,2492,001ED70C,0,1,1,4294967295,0,0
IF_Saw,9072,957,00359260,0,1,1,4294967295,0,0
IF_Saw,7536,1050,002BE510,0,1,1,4294967295,0,0
IF_Saw,6352,956,00167678,0,1,1,4294967295,0,0
IF_Saw,5408,896,00060436,0,1,1,4294967295,0,0
IF_Saw,4704,958,002C9B6C,0,1,1,4294967295,0,0
IF_Saw,4544,960,001DA65F,0,1,1,4294967295,0,0
IF_Saw,2800,896,000DAC8C,0,1,1,4294967295,0,0
IF_Saw,944,808,000ECF08,0,1,1,4294967295,0,0
IF_Saw,1216,176,00133C3E,0,1,1,4294967295,0,0
IF_Saw,2400,352,000C4CD8,0,1,1,4294967295,0,0
IF_Saw,3472,352,00379594,0,1,1,4294967295,0,0
IF_Saw,4432,352,003AD16D,0,1,1,4294967295,0,0
IF_Saw,6528,460,003BD566,0,1,1,4294967295,0,0
IF_Saw,8912,539,00346F7A,0,1,1,4294967295,0,0
IF_Saw,3920,480,001C7923,0,1,1,4294967295,0,0
IF_Saw,3984,480,002D81A6,0,1,1,4294967295,0,0
IF_Saw,4048,480,002070BB,0,1,1,4294967295,0,0
IF_Saw,4112,480,000F0FF4,0,1,1,4294967295,0,0
IF_Saw,2624,496,003340FC,0,1,1,4294967295,0,0
IF_Saw,3104,496,00172B52,0,1,1,4294967295,0,0
IF_Saw,7872,1168,00024FD4,0,1,1,4294967295,0,0
IF_Saw,7936,1168,00245E31,0,1,1,4294967295,0,0
IF_Saw,8000,1168,001F29E4,0,1,1,4294967295,0,0
IF_Saw,8064,1168,000E78C9,0,1,1,4294967295,0,0
IF_Saw,8128,1168,00387519,0,1,1,4294967295,0,0
IF_Saw,7104,1168,00120F6E,0,1,1,4294967295,0,0
IF_Saw,7168,1168,0007FA7E,0,1,1,4294967295,0,0
IF_Saw,7232,1168,001E1557,0,1,1,4294967295,0,0
IF_Saw,7296,1168,003E75CC,0,1,1,4294967295,0,0
IF_Saw,7360,1168,00187411,0,1,1,4294967295,0,0
IF_SawHolder2,5120,397,003E641E,0,1,1,4294967295,0,0
IF_Saw,5120,342,00185EC8,0,1,1,4294967295,0,0
IF_SawHolder2,9168,2560,0025849A,0,1,1,4294967295,0,0
IF_Saw,9168,2492,00026A52,0,1,1,4294967295,0,0
Ring,9120,3712,0034B424,0,1,1,4294967295,0,0
Ring,9168,3712,001524AF,0,1,1,4294967295,0,0
Ring,9216,3712,0011DEFC,0,1,1,4294967295,0,0
Ring,1168,3312,0018684C,0,1,1,4294967295,0,0
Ring,1168,3072,00269390,0,1,1,4294967295,0,0
Ring,1008,2912,000AB891,0,1,1,4294967295,0,0
Ring,1008,2848,0006217B,0,1,1,4294967295,0,0
Ring,1008,2784,00151CCD,0,1,1,4294967295,0,0
Ring,9792,2304,0010D762,0,1,1,4294967295,0,0
Ring,9792,2176,00070093,0,1,1,4294967295,0,0
Ring,9792,2016,000B939F,0,1,1,4294967295,0,0
Ring,9408,1264,002B2E3B,0,1,1,4294967295,0,0
Ring,9408,1136,00351A5A,0,1,1,4294967295,0,0
Ring,112,672,001A8315,0,1,1,4294967295,0,0
Ring,112,576,0015B738,0,1,1,4294967295,0,0
SS_Life,9888,1360,0032BAD9,0,1,1,4294967295,0,0
SS_Life,5824,320,002CCBBD,0,1,1,4294967295,0,0
GiantRing,9904,448,00189286,0,1,1,4294967295,0,0
IF_Checker1,9840,384,00109754,0,1,1,4294967295,0,1
IF_Checker2,9536,2928,002D26BD,0,1,1,4294967295,0,1
IF_Checker2,9536,2848,0026B872,0,1,1,4294967295,0,1
Ring,8448,3664,0020A995,0,1,1,4294967295,0,0
Ring,8336,3664,0018D5C1,0,1,1,4294967295,0,0
Ring,6400,3680,0017F47C,0,1,1,4294967295,0,0
Ring,6528,3680,00317788,0,1,1,4294967295,0,0
Ring,3760,3744,0032054C,0,1,1,4294967295,0,0
Ring,3664,3744,002BB0DA,0,1,1,4294967295,0,0
Ring,3296,3712,001AD383,0,1,1,4294967295,0,0
Ring,2544,3680,000C7CD8,0,1,1,4294967295,0,0
Ring,2544,3648,001DF8CF,0,1,1,4294967295,0,0
Ring,2288,3616,002EFB6D,0,1,1,4294967295,0,0
Ring,1168,3264,002AE3AD,0,1,1,4294967295,0,0
Ring,1168,3216,00076916,0,1,1,4294967295,0,0
Ring,1920,2736,003C69A8,0,1,1,4294967295,0,0
Ring,1984,2736,003FF3A5,0,1,1,4294967295,0,0
Ring,3568,2608,000F3544,0,1,1,4294967295,0,0
Ring,3568,2560,000354C4,0,1,1,4294967295,0,0
Ring,3568,2512,00125176,0,1,1,4294967295,0,0
Ring,4864,2560,00069175,0,1,1,4294967295,0,0
Ring,4944,2560,0001C792,0,1,1,4294967295,0,0
Ring,6064,2592,0000E5A1,0,1,1,4294967295,0,0
Ring,6160,2592,003329D6,0,1,1,4294967295,0,0
Ring,5264,2800,001FB985,0,1,1,4294967295,0,0
Ring,5552,2800,00361C73,0,1,1,4294967295,0,0
Ring,4080,2784,002FE711,0,1,1,4294967295,0,0
Ring,4080,2736,002838D0,0,1,1,4294967295,0,0
Ring,7328,2464,00374E45,0,1,1,4294967295,0,0
Ring,7328,2416,00215645,0,1,1,4294967295,0,0
Ring,6976,1104,0006DDE8,0,1,1,4294967295,0,0
Ring,7056,1104,00094BB4,0,1,1,4294967295,0,0
Ring,5920,944,00080C45,0,1,1,4294967295,0,0
Ring,5888,944,0031DD32,0,1,1,4294967295,0,0
Ring,5968,944,003DE4AF,0,1,1,4294967295,0,0
Ring,5936,944,0033A89B,0,1,1,4294967295,0,0
Ring,5936,928,003CD475,0,1,1,4294967295,0,0
Ring,5920,928,002B1580,0,1,1,4294967295,0,0
Ring,4160,944,000B4DC1,0,1,1,4294967295,0,0
Ring,4064,944,002358BB,0,1,1,4294967295,0,0
Ring,4000,944,003F18DF,0,1,1,4294967295,0,0
Ring,3888,944,0036EB99,0,1,1,4294967295,0,0
Ring,1376,928,0024C410,0,1,1,4294967295,0,0
Ring,1504,928,0005CC74,0,1,1,4294967295,0,0
Ring,448,944,0003021E,0,1,1,4294967295,0,0
Ring,336,944,003F5872,0,1,1,4294967295,0,0
Ring,912,256,00236685,0,1,1,4294967295,0,0
Ring,1056,256,0015F3F8,0,1,1,4294967295,0,0
Ring,2208,416,00192D10,0,1,1,4294967295,0,0
Ring,2272,416,002FA9FC,0,1,1,4294967295,0,0
Ring,2864,480,00151D55,0,1,1,4294967295,0,0
Ring,4704,352,001A80D2,0,1,1,4294967295,0,0
Ring,4768,352,00285317,0,1,1,4294967295,0,0
Ring,6000,544,000C0311,0,1,1,4294967295,0,0
IF_Ground,3040,3856,000BBAF2,0,1,1,4294967295,0,0
IF_Ground,9696,3776,0011E2E8,0,1,1,4294967295,0,0
IF_Ground,9456,3776,000F3208,0,1,1,4294967295,0,0
IF_Ground,9200,3776,00083817,0,1,1,4294967295,0,0
IF_Ground,8944,3776,003755F1,0,1,1,4294967295,0,0
IF_Ground,8688,3712,0000D03A,0,1,1,4294967295,0,0
IF_Ground,8432,3712,0040393C,0,1,1,4294967295,0,0
IF_Ground,8176,3712,00124FA7,0,1,1,4294967295,0,0
IF_Ground,7216,3792,00342044,0,1,1,4294967295,0,0
IF_Ground,6960,3792,0035521D,0,1,1,4294967295,0,0
IF_Ground,6704,3792,0027FBD6,0,1,1,4294967295,0,0
IF_Ground,7472,3840,0007E51F,0,1,1,4294967295,0,0
IF_Ground,7664,3840,0031734F,0,1,1,4294967295,0,0
IF_Ground,7920,3840,000E37AD,0,1,1,4294967295,0,0
IF_Ground,6448,3728,00175E66,0,1,1,4294967295,0,0
IF_Ground,5680,3600,002AE1C6,0,1,1,4294967295,0,0
IF_Ground,5424,3600,0011E92A,0,1,1,4294967295,0,0
IF_Ground,5168,3664,002EE996,0,1,1,4294967295,0,0
IF_Ground,4912,3728,00354476,0,1,1,4294967295,0,0
IF_Ground,4656,3792,000A8CBD,0,1,1,4294967295,0,0
IF_Ground,4400,3792,001B841C,0,1,1,4294967295,0,0
IF_Ground,4144,3792,0035CBFC,0,1,1,4294967295,0,0
IF_Ground,3712,3792,0016C7CB,0,1,1,4294967295,0,0
IF_Ground,3280,3792,002CBC2F,0,1,1,4294967295,0,0
IF_Ground,2800,3792,0017677A,0,1,1,4294967295,0,0
IF_Ground,2544,3728,002D591C,0,1,1,4294967295,0,0
IF_Ground,2288,3664,002A4845,0,1,1,4294967295,0,0
IF_Ground,2032,3600,0006F9A6,0,1,1,4294967295,0,0
IF_Ground,1776,3600,0017B750,0,1,1,4294967295,0,0
IF_Ground,1520,3600,0030CA73,0,1,1,4294967295,0,0
IF_Ground,1264,3600,002AFCCC,0,1,1,4294967295,0,0
IF_Ground,1008,2976,00377392,0,1,1,4294967295,0,0
IF_Ground,1840,2784,00238DAF,0,1,1,4294967295,0,0
IF_Ground,2096,2784,001556F9,0,1,1,4294967295,0,0
IF_Ground,2352,2784,002E3A93,0,1,1,4294967295,0,0
IF_Ground,2608,2720,002AE4CE,0,1,1,4294967295,0,0
IF_Ground,2864,2720,001D813B,0,1,1,4294967295,0,0
IF_Ground,3120,2656,003847F5,0,1,1,4294967295,0,0
IF_Ground,3376,2656,0020CE6C,0,1,1,4294967295,0,0
IF_Ground,3632,2656,0000470A,0,1,1,4294967295,0,0
IF_Ground,3888,2848,0007E44F,0,1,1,4294967295,0,0
IF_Ground,4144,2848,001D2D6F,0,1,1,4294967295,0,0
IF_Ground,4176,2656,00221D66,0,1,1,4294967295,0,0
IF_Ground,4400,2848,003A2212,0,1,1,4294967295,0,0
IF_Ground,4432,2656,00191EAB,0,1,1,4294967295,0,0
IF_Ground,4688,2656,0021128C,0,1,1,4294967295,0,0
IF_Ground,4944,2608,00365909,0,1,1,4294967295,0,0
IF_Ground,5200,2560,00257A90,0,1,1,4294967295,0,0
IF_Ground,5456,2560,002295B7,0,1,1,4294967295,0,0
IF_Ground,5712,2608,000AC26D,0,1,1,4294967295,0,0
IF_Ground,5968,2656,001BAA92,0,1,1,4294967295,0,0
IF_Ground,4656,2848,003337C5,0,1,1,4294967295,0,0
IF_Ground,4912,2848,001F2E76,0,1,1,4294967295,0,0
IF_Ground,5168,2848,001D697A,0,1,1,4294967295,0,0
IF_Ground,5424,2848,001E4A7E,0,1,1,4294967295,0,0
IF_Ground,5680,2848,0001CA4C,0,1,1,4294967295,0,0
IF_Ground,5936,2848,000A52CD,0,1,1,4294967295,0,0
IF_Ground,6224,2656,001775A4,0,1,1,4294967295,0,0
IF_Ground,6480,2624,00135847,0,1,1,4294967295,0,0
IF_Ground,6192,2848,003723AB,0,1,1,4294967295,0,0
IF_Ground,6736,2576,0033D210,0,1,1,4294967295,0,0
IF_Ground,6992,2528,00212F76,0,1,1,4294967295,0,0
IF_Ground,7248,2528,0039A00F,0,1,1,4294967295,0,0
IF_Ground,6448,2848,0008ECC2,0,1,1,4294967295,0,0
IF_Ground,6704,2848,001162AB,0,1,1,4294967295,0,0
IF_Ground,6960,2848,00363136,0,1,1,4294967295,0,0
IF_Ground,6992,2848,0006DF92,0,1,1,4294967295,0,0
IF_Ground,3632,2848,0034DCBB,0,1,1,4294967295,0,0
IF_Ground,3536,2848,0025E483,0,1,1,4294967295,0,0
IF_Ground,8240,2528,002B1C47,0,1,1,4294967295,0,0
IF_Ground,8720,2592,00024249,0,1,1,4294967295,0,0
IF_Ground,8976,2592,00239E78,0,1,1,4294967295,0,0
IF_Ground,9232,2592,0019B420,0,1,1,4294967295,0,0
IF_Ground,9488,2592,003E79B5,0,1,1,4294967295,0,0
IF_Ground,9696,2560,000FB56F,0,1,1,4294967295,0,0
IF_Ground,9264,1056,001968C4,0,1,1,4294967295,0,0
IF_Ground,9952,1424,003F1EDE,0,1,1,4294967295,0,0
IF_Ground,9008,1056,00318762,0,1,1,4294967295,0,0
IF_Ground,8496,1152,002DC6C4,0,1,1,4294967295,0,0
IF_Ground,8240,1152,0011EF9A,0,1,1,4294967295,0,0
IF_Ground,7984,1200,003EFB6B,0,1,1,4294967295,0,0
IF_Ground,7728,1152,003BA67F,0,1,1,4294967295,0,0
IF_Ground,7472,1152,002D2EB8,0,1,1,4294967295,0,0
IF_Ground,7216,1200,0003F684,0,1,1,4294967295,0,0
IF_Ground,6960,1152,00061590,0,1,1,4294967295,0,0
IF_Ground,6448,1056,00335AC8,0,1,1,4294967295,0,0
IF_Ground,6192,1056,003F1A1E,0,1,1,4294967295,0,0
IF_Ground,5936,992,0011DDBF,0,1,1,4294967295,0,0
IF_Ground,5680,992,00133837,0,1,1,4294967295,0,0
IF_Ground,5424,992,001F6B5A,0,1,1,4294967295,0,0
IF_Ground,5184,992,000296A1,0,1,1,4294967295,0,0
IF_Ground,4928,1056,003DB490,0,1,1,4294967295,0,0
IF_Ground,4672,1056,0017A864,0,1,1,4294967295,0,0
IF_Ground,4416,1056,002CE694,0,1,1,4294967295,0,0
IF_Ground,4160,992,00109771,0,1,1,4294967295,0,0
IF_Ground,3904,992,0008441D,0,1,1,4294967295,0,0
IF_Ground,2944,992,0031D72F,0,1,1,4294967295,0,0
IF_Ground,2688,992,001919C3,0,1,1,4294967295,0,0
IF_Ground,2432,992,000AE5E6,0,1,1,4294967295,0,0
IF_Ground,2176,1040,00348DF7,0,1,1,4294967295,0,0
IF_Ground,1920,1040,00100DEA,0,1,1,4294967295,0,0
IF_Ground,1664,1040,0030DCD8,0,1,1,4294967295,0,0
IF_Ground,1408,976,0010ABFD,0,1,1,4294967295,0,0
IF_Ground,1152,928,002F7E3E,0,1,1,4294967295,0,0
IF_Ground,896,928,0022B6B5,0,1,1,4294967295,0,0
IF_Ground,464,992,000FEBD1,0,1,1,4294967295,0,0
IF_Ground,640,992,003D9FA8,0,1,1,4294967295,0,0
IF_Ground,208,992,003CFFE9,0,1,1,4294967295,0,0
IF_Ground,688,304,000BE0DF,0,1,1,4294967295,0,0
IF_Ground,944,304,0024E66C,0,1,1,4294967295,0,0
IF_Ground,1200,304,003106E3,0,1,1,4294967295,0,0
IF_Ground,1456,352,0008197A,0,1,1,4294967295,0,0
IF_Ground,1712,400,00157539,0,1,1,4294967295,0,0
IF_Ground,1968,464,00024E7C,0,1,1,4294967295,0,0
IF_Ground,2224,464,00294EF7,0,1,1,4294967295,0,0
IF_Ground,2480,464,00144FF5,0,1,1,4294967295,0,0
IF_Ground,2736,528,003B0686,0,1,1,4294967295,0,0
IF_Ground,2992,528,0022EF71,0,1,1,4294967295,0,0
IF_Ground,3248,464,000B21E4,0,1,1,4294967295,0,0
IF_Ground,3504,464,00109F66,0,1,1,4294967295,0,0
IF_Ground,3760,464,002E0930,0,1,1,4294967295,0,0
IF_Ground,4016,512,0008C4D0,0,1,1,4294967295,0,0
IF_Ground,4272,464,000315AD,0,1,1,4294967295,0,0
IF_Ground,4528,464,0029DB44,0,1,1,4294967295,0,0
IF_Ground,4784,464,00071C00,0,1,1,4294967295,0,0
IF_Ground,5040,464,003DC516,0,1,1,4294967295,0,0
IF_Ground,5296,512,003A231F,0,1,1,4294967295,0,0
IF_Ground,5552,560,003DC0DE,0,1,1,4294967295,0,0
IF_Ground,5808,608,0025B710,0,1,1,4294967295,0,0
IF_Ground,6064,608,003CABD0,0,1,1,4294967295,0,0
IF_Ground,6320,608,00287FB4,0,1,1,4294967295,0,0
IF_Ground,6576,560,002955CB,0,1,1,4294967295,0,0
IF_Ground,6832,512,00110E9D,0,1,1,4294967295,0,0
IF_Ground,7088,576,00299403,0,1,1,4294967295,0,0
IF_Ground,7344,640,0024C5BD,0,1,1,4294967295,0,0
IF_Ground,7600,704,00387B51,0,1,1,4294967295,0,0
IF_Ground,8656,704,00013C7B,0,1,1,4294967295,0,0
IF_Ground,8000,768,00024F8F,0,1,1,4294967295,0,0
IF_Ground,8256,768,0014B984,0,1,1,4294967295,0,0
IF_Ground,7856,768,000BDAD3,0,1,1,4294967295,0,0
IF_Ground,8400,768,003E4F98,0,1,1,4294967295,0,0
IF_Ground,8912,656,0009ADD4,0,1,1,4294967295,0,0
IF_Ground,9168,608,00403F8F,0,1,1,4294967295,0,0
IF_Ground,9424,560,0020D1E9,0,1,1,4294967295,0,0
IF_Ground,9680,560,001A3ABC,0,1,1,4294967295,0,0
IF_Ground,9696,560,003A3D31,0,1,1,4294967295,0,0
IF_Ground,9952,560,000CCDB2,0,1,1,4294967295,0,0
IF_Ground,3456,1216,002BE339,0,1,1,4294967295,0,0
IF_Ground,3648,1216,001CA362,0,1,1,4294967295,0,0
IF_Ground,3200,1216,00211077,0,1,1,4294967295,0,0
IF_Ground,3504,3856,00025685,0,1,1,4294967295,0,0
IF_Ground,3936,3856,001324C4,0,1,1,4294967295,0,0
IF_Ground,3440,1120,003B98F6,0,1,1,4294967295,0,0
IF_Ground,912,2976,00109423,0,1,1,4294967295,0,0
IF_Ground,8304,3040,003D083F,0,1,1,4294967295,0,0
IF_Ground,9072,3040,001BD9BF,0,1,1,4294967295,0,0
IF_Ground,9696,3040,001ADE6E,0,1,1,4294967295,0,0
IF_Ground,9952,3040,0026867F,0,1,1,4294967295,0,0
IF_SlopeGroundL,6656,3762,000C2B68,0,1,1,4294967295,0,0
IF_SlopeGroundL,6192,3699,00321C01,0,1,1,4294967295,0,0
IF_SlopeGroundL,5936,3635,0013631B,0,1,1,4294967295,0,0
IF_SlopeGroundL,1696,3570,00377FD2,0,1,1,4294967295,0,0
IF_SlopeGroundL,8464,2562,000A9415,0,1,1,4294967295,0,0
IF_SlopeGroundL,6704,1121,000380B5,0,1,1,4294967295,0,0
IF_SlopeGroundL,1664,1010,0012A3CB,0,1,1,4294967295,0,0
IF_SlopeGroundL,4864,434,003E9DE8,0,1,1,4294967295,0,0
IF_SlopeGroundL,7024,546,00043475,0,1,1,4294967295,0,0
IF_SlopeGroundL,7536,674,003407EA,0,1,1,4294967295,0,0
IF_SlopeGroundR,1440,3571,00394EB3,0,1,1,4294967295,0,0
IF_SlopeGroundR,2352,2754,003F2132,0,1,1,4294967295,0,0
IF_SlopeGroundR,2864,2690,001C1FB0,0,1,1,4294967295,0,0
IF_SlopeGroundR,8752,1122,003F664B,0,1,1,4294967295,0,0
IF_SlopeGroundR,4928,1026,0028BF5A,0,1,1,4294967295,0,0
IF_SlopeGroundR,640,962,001789B1,0,1,1,4294967295,0,0
IF_SlopeGroundR,4608,434,00285DD4,0,1,1,4294967295,0,0
IF_SlopeGroundR,8560,3010,0035AC0B,0,1,1,4294967295,0,0
IF_SlopeGroundR,9328,3010,0005B21B,0,1,1,4294967295,0,0
IF_SlopeGroundL,8816,3010,00161B9D,0,1,1,4294967295,0,0
IF_SlopeGroundL,9584,3010,0011B1A0,0,1,1,4294967295,0,0
BadnickCorpse1,9664,3744,00033EA3,0,1,1,4294967295,0,0
BadnickCorpse1,8384,3680,003FE84B,0,1,1,4294967295,0,0
BadnickCorpse1,7856,3808,002B6942,0,1,1,4294967295,0,0
BadnickCorpse1,7536,3808,0011080B,0,1,1,4294967295,0,0
BadnickCorpse1,6928,3760,000F60A3,0,1,1,4294967295,0,0
BadnickCorpse1,5584,3568,00019C85,0,1,1,4294967295,0,0
BadnickCorpse1,3968,3824,002C9BE7,0,1,1,4294967295,0,0
BadnickCorpse1,3904,3824,0034EA98,0,1,1,4294967295,0,0
BadnickCorpse1,3488,3824,0004BD58,0,1,1,4294967295,0,0
BadnickCorpse1,3056,3824,0000295D,0,1,1,4294967295,0,0
BadnickCorpse1,1840,3568,00235BF1,0,1,1,4294967295,0,0
BadnickCorpse1,2128,2752,002B0D99,0,1,1,4294967295,0,0
BadnickCorpse1,4432,2816,002FE6AD,0,1,1,4294967295,0,0
BadnickCorpse1,4800,2816,002641B5,0,1,1,4294967295,0,0
BadnickCorpse1,4624,2816,0039D99B,0,1,1,4294967295,0,0
BadnickCorpse1,5088,2816,0019DDD5,0,1,1,4294967295,0,0
BadnickCorpse1,5328,2816,0024D9C6,0,1,1,4294967295,0,0
BadnickCorpse1,5408,2816,0033C5FC,0,1,1,4294967295,0,0
BadnickCorpse1,5680,2816,0021D15D,0,1,1,4294967295,0,0
BadnickCorpse1,5712,2816,00225ED7,0,1,1,4294967295,0,0
BadnickCorpse1,5760,2816,0038BB3C,0,1,1,4294967295,0,0
BadnickCorpse1,6048,2816,0032B99F,0,1,1,4294967295,0,0
BadnickCorpse1,6384,2816,0027FE17,0,1,1,4294967295,0,0
BadnickCorpse1,6528,2816,00373848,0,1,1,4294967295,0,0
BadnickCorpse1,6640,2816,00207409,0,1,1,4294967295,0,0
BadnickCorpse1,6896,2816,0033BABB,0,1,1,4294967295,0,0
BadnickCorpse1,6464,2592,002EC4A5,0,1,1,4294967295,0,0
BadnickCorpse1,5360,2528,0003A4FA,0,1,1,4294967295,0,0
BadnickCorpse1,8928,2559,00213C25,0,1,1,4294967295,0,0
BadnickCorpse1,9424,2557,0015D674,0,1,1,4294967295,0,0
BadnickCorpse1,9168,2559,00231532,0,1,1,4294967295,0,0
BadnickCorpse1,9072,1024,002EB669,0,1,1,4294967295,0,0
BadnickCorpse1,7968,1168,0004B6C8,0,1,1,4294967295,0,0
BadnickCorpse1,8032,1168,002DA655,0,1,1,4294967295,0,0
BadnickCorpse1,7536,1120,0008679C,0,1,1,4294967295,0,0
BadnickCorpse1,7136,1168,0010713B,0,1,1,4294967295,0,0
BadnickCorpse1,7264,1168,001C6AC4,0,1,1,4294967295,0,0
BadnickCorpse1,6352,1024,002BC95C,0,1,1,4294967295,0,0
BadnickCorpse1,4752,1024,000B4F29,0,1,1,4294967295,0,0
BadnickCorpse1,5408,960,000CE8D4,0,1,1,4294967295,0,0
BadnickCorpse1,4592,1024,0026EE1C,0,1,1,4294967295,0,0
BadnickCorpse1,3584,1184,003A2514,0,1,1,4294967295,0,0
BadnickCorpse1,3488,1088,00191519,0,1,1,4294967295,0,0
BadnickCorpse1,3392,1184,0006CF22,0,1,1,4294967295,0,0
BadnickCorpse1,3264,1184,000223CC,0,1,1,4294967295,0,0
BadnickCorpse1,3200,1184,000E2F7F,0,1,1,4294967295,0,0
BadnickCorpse1,2800,960,000C89A1,0,1,1,4294967295,0,0
BadnickCorpse1,944,896,003B8504,0,1,1,4294967295,0,0
BadnickCorpse1,1200,272,001F442F,0,1,1,4294967295,0,0
BadnickCorpse1,592,272,0007D208,0,1,1,4294967295,0,1
BadnickCorpse1,2384,432,000E9EAB,0,1,1,4294967295,0,0
BadnickCorpse1,2656,496,001EBF3E,0,1,1,4294967295,0,0
BadnickCorpse1,3072,496,003E09BF,0,1,1,4294967295,0,1
BadnickCorpse1,3712,432,003B4A04,0,1,1,4294967295,0,0
BadnickCorpse1,3664,432,00189A85,0,1,1,4294967295,0,0
BadnickCorpse1,3952,480,00264232,0,1,1,4294967295,0,0
BadnickCorpse1,4080,480,000A078B,0,1,1,4294967295,0,0
BadnickCorpse1,4432,432,001C0CC9,0,1,1,4294967295,0,0
BadnickCorpse1,5120,433,00188F90,0,1,1,4294967295,0,0
BadnickCorpse1,6288,576,0039AE8C,0,1,1,4294967295,0,0
BadnickCorpse1,6528,528,003FA6FA,0,1,1,4294967295,0,0
BadnickCorpse1,8880,624,000D1922,0,1,1,4294967295,0,0
BadnickCorpse1,8192,736,0006529F,0,1,1,4294967295,0,0
RF_10,9984,3520,00174CAE,0,1,1,4294967295,0,0
RF_10_2,9984,0,000B0010,0,1,1,4294967295,0,0
Mask_Out_Up,7008,2528,00247955,0,1,1,4294967295,0,0
Vertical_Solid_Line,2896,560,000812C7,0,1,1,4294967295,0,0
Vertical_Solid_Line,2992,560,0006FF3E,0,1,1,4294967295,0,0
Vertical_Solid_Line,3104,560,0032382E,0,1,1,4294967295,0,0
Vertical_Solid_Line,3216,560,0009504C,0,1,1,4294967295,0,0
Vertical_Solid_Line,3328,560,0014F030,0,1,1,4294967295,0,0
Vertical_Solid_Line,3440,560,00044F8B,0,1,1,4294967295,0,0
Vertical_Solid_Line,3536,560,00151015,0,1,1,4294967295,0,0
Vertical_Solid_Line,3632,560,001FAAED,0,1,1,4294967295,0,0
Vertical_Solid_Line,3728,560,0015AF91,0,1,1,4294967295,0,0
Vertical_Solid_Line,3824,560,001DA2C0,0,1,1,4294967295,0,0
Vertical_Solid_Line,3920,560,0035AE72,0,1,1,4294967295,0,0
Vertical_Solid_Line,4080,560,00009E14,0,1,1,4294967295,0,0
Vertical_Solid_Line,4000,560,00120BB8,0,1,1,4294967295,0,0
Vertical_Solid_Line,2784,560,001166A6,0,1,1,4294967295,0,0
Vertical_Solid_Line,2672,560,00366966,0,1,1,4294967295,0,0
Vertical_Solid_Line,32,0,00183736,0,1,1,4294967295,0,0
Vertical_Solid_Line,144,0,00093880,0,1,1,4294967295,0,0
Vertical_Solid_Line,240,0,00064A1D,0,1,1,4294967295,0,0
Vertical_Solid_Line,336,0,001C4532,0,1,1,4294967295,0,0
Vertical_Solid_Line,432,0,00051F07,0,1,1,4294967295,0,0
Vertical_Solid_Line,528,0,00255B39,0,1,1,4294967295,0,0
Vertical_Solid_Line,624,0,0006E47F,0,1,1,4294967295,0,0
Vertical_Solid_Line,720,0,0027EFAE,0,1,1,4294967295,0,0
Vertical_Solid_Line,832,0,00342775,0,1,1,4294967295,0,0
Vertical_Solid_Line,928,0,000790F0,0,1,1,4294967295,0,0
Vertical_Solid_Line,1024,0,003E03E4,0,1,1,4294967295,0,0
Vertical_Solid_Line,1120,0,002D3B5C,0,1,1,4294967295,0,0
Vertical_Solid_Line,1216,0,00338077,0,1,1,4294967295,0,0
Vertical_Solid_Line,1296,0,003EEFA7,0,1,1,4294967295,0,0
Vertical_Solid_Line,1392,0,003CB8BF,0,1,1,4294967295,0,0
Vertical_Solid_Line,1504,0,002205C6,0,1,1,4294967295,0,0
Vertical_Solid_Line,1616,0,0017A91A,0,1,1,4294967295,0,0
Vertical_Solid_Line,1728,0,0002ECB5,0,1,1,4294967295,0,0
Vertical_Solid_Line,1840,0,002851A7,0,1,1,4294967295,0,0
Vertical_Solid_Line,1952,0,00299B31,0,1,1,4294967295,0,0
Vertical_Solid_Line,2048,0,000FAA57,0,1,1,4294967295,0,0
Vertical_Solid_Line,2144,0,002A2A09,0,1,1,4294967295,0,0
Vertical_Solid_Line,2240,0,00374421,0,1,1,4294967295,0,0
Vertical_Solid_Line,2336,0,0033B168,0,1,1,4294967295,0,0
Vertical_Solid_Line,2432,0,001DCA89,0,1,1,4294967295,0,0
Vertical_Solid_Line,2544,0,00100F30,0,1,1,4294967295,0,0
Vertical_Solid_Line,2656,0,0039F2B0,0,1,1,4294967295,0,0
Vertical_Solid_Line,2752,0,0016FC65,0,1,1,4294967295,0,0
Vertical_Solid_Line,2864,0,003804A8,0,1,1,4294967295,0,0
Vertical_Solid_Line,2976,0,000520A6,0,1,1,4294967295,0,0
Vertical_Solid_Line,3088,0,003B7B23,0,1,1,4294967295,0,0
Vertical_Solid_Line,3200,0,001E52B5,0,1,1,4294967295,0,0
Vertical_Solid_Line,3312,0,0022816A,0,1,1,4294967295,0,0
Vertical_Solid_Line,3424,0,001EDBA0,0,1,1,4294967295,0,0
Vertical_Solid_Line,3536,0,0013264E,0,1,1,4294967295,0,0
Vertical_Solid_Line,3648,0,000D2BFC,0,1,1,4294967295,0,0
Vertical_Solid_Line,3760,0,0028584F,0,1,1,4294967295,0,0
Vertical_Solid_Line,3872,0,001B556B,0,1,1,4294967295,0,0
Vertical_Solid_Line,3968,0,0013E6BD,0,1,1,4294967295,0,0
Vertical_Solid_Line,4080,0,00367EF7,0,1,1,4294967295,0,0
Vertical_Solid_Line,4192,0,0022BD28,0,1,1,4294967295,0,0
Vertical_Solid_Line,4304,0,0017557D,0,1,1,4294967295,0,0
Vertical_Solid_Line,4416,0,0011CC4B,0,1,1,4294967295,0,0
Vertical_Solid_Line,4512,0,0007D89C,0,1,1,4294967295,0,0
Vertical_Solid_Line,4608,0,00154150,0,1,1,4294967295,0,0
Vertical_Solid_Line,4720,0,0023BD9A,0,1,1,4294967295,0,0
Vertical_Solid_Line,4832,0,000C1CD2,0,1,1,4294967295,0,0
Vertical_Solid_Line,4944,0,00065AB9,0,1,1,4294967295,0,0
Vertical_Solid_Line,5056,0,002FB8D3,0,1,1,4294967295,0,0
Vertical_Solid_Line,5168,0,001AC922,0,1,1,4294967295,0,0
Vertical_Solid_Line,5280,0,00146360,0,1,1,4294967295,0,0
Vertical_Solid_Line,5392,0,003CD2C2,0,1,1,4294967295,0,0
Vertical_Solid_Line,5504,0,0018A2E2,0,1,1,4294967295,0,0
Vertical_Solid_Line,5600,0,00249FED,0,1,1,4294967295,0,0
Vertical_Solid_Line,5712,0,001E3565,0,1,1,4294967295,0,0
Vertical_Solid_Line,5824,0,00379C35,0,1,1,4294967295,0,0
Vertical_Solid_Line,5920,0,00361BB0,0,1,1,4294967295,0,0
Vertical_Solid_Line,6032,0,002845BB,0,1,1,4294967295,0,0
Vertical_Solid_Line,6144,0,003337BF,0,1,1,4294967295,0,0
Vertical_Solid_Line,6240,0,0034EAFA,0,1,1,4294967295,0,0
Vertical_Solid_Line,6352,0,003308F8,0,1,1,4294967295,0,0
Vertical_Solid_Line,6464,0,003A3492,0,1,1,4294967295,0,0
Vertical_Solid_Line,6560,0,00155116,0,1,1,4294967295,0,0
Vertical_Solid_Line,6672,0,003CCFA4,0,1,1,4294967295,0,0
Vertical_Solid_Line,6768,0,001977E3,0,1,1,4294967295,0,0
Vertical_Solid_Line,6880,0,00258733,0,1,1,4294967295,0,0
Vertical_Solid_Line,6992,0,002C1DB4,0,1,1,4294967295,0,0
Vertical_Solid_Line,7104,0,002B59C8,0,1,1,4294967295,0,0
Vertical_Solid_Line,7216,0,0020D886,0,1,1,4294967295,0,0
Vertical_Solid_Line,7328,0,0000DE2A,0,1,1,4294967295,0,0
Vertical_Solid_Line,7440,0,0024A195,0,1,1,4294967295,0,0
Vertical_Solid_Line,7552,0,00031AF8,0,1,1,4294967295,0,0
Vertical_Solid_Line,7664,0,0024272E,0,1,1,4294967295,0,0
Vertical_Solid_Line,7776,0,000C087F,0,1,1,4294967295,0,0
Vertical_Solid_Line,7888,0,00038549,0,1,1,4294967295,0,0
Vertical_Solid_Line,8000,0,002EA6D8,0,1,1,4294967295,0,0
Vertical_Solid_Line,8112,0,00046D35,0,1,1,4294967295,0,0
Vertical_Solid_Line,8208,0,0025C88E,0,1,1,4294967295,0,0
Vertical_Solid_Line,8320,0,0030FE31,0,1,1,4294967295,0,0
Vertical_Solid_Line,8432,0,002657F7,0,1,1,4294967295,0,0
Vertical_Solid_Line,8544,0,00098FFC,0,1,1,4294967295,0,0
Vertical_Solid_Line,8656,0,003A3E2C,0,1,1,4294967295,0,0
Vertical_Solid_Line,8752,0,0018F11C,0,1,1,4294967295,0,0
Vertical_Solid_Line,8864,0,00066BBC,0,1,1,4294967295,0,0
Vertical_Solid_Line,8976,0,00232EC3,0,1,1,4294967295,0,0
Vertical_Solid_Line,9088,0,001734EB,0,1,1,4294967295,0,0
Vertical_Solid_Line,9200,0,000F89B3,0,1,1,4294967295,0,0
Vertical_Solid_Line,9296,0,0026F556,0,1,1,4294967295,0,0
Vertical_Solid_Line,9392,0,003F05FE,0,1,1,4294967295,0,0
Vertical_Solid_Line,9504,0,00270381,0,1,1,4294967295,0,0
Vertical_Solid_Line,9600,0,002E40FA,0,1,1,4294967295,0,0
Vertical_Solid_Line,9712,0,001E39E2,0,1,1,4294967295,0,0
Vertical_Solid_Line,9824,0,00362D6C,0,1,1,4294967295,0,0
Vertical_Solid_Line,9936,0,001DB0E3,0,1,1,4294967295,0,0
Vertical_Solid_Line,9872,288,0038DA2F,0,1,1,4294967295,0,0
Vertical_Solid_Line,9984,288,0027C7E4,0,1,1,4294967295,0,0
Vertical_Solid_Line,9872,1312,00251D41,0,1,1,4294967295,0,0
Vertical_Solid_Line,9984,1312,003C8C26,0,1,1,4294967295,0,0
Vertical_Solid_Line,9184,2176,0024E4E7,0,1,1,4294967295,0,0
Vertical_Solid_Line,9328,2176,0031FFDA,0,1,1,4294967295,0,0
Vertical_Solid_Line,9248,2176,00103B26,0,1,1,4294967295,0,0
Vertical_Solid_Line,5888,448,00158A5F,0,1,1,4294967295,0,0
Vertical_Solid_Line,6000,448,002D8E2D,0,1,1,4294967295,0,0
Vertical_Solid_Line,6032,448,002D135B,0,1,1,4294967295,0,0
Vertical_Solid_Line,8160,2720,000946FB,0,1,1,4294967295,0,0
Vertical_Solid_Line,8272,2720,00134AD7,0,1,1,4294967295,0,0
Vertical_Solid_Line,8384,2720,002E7348,0,1,1,4294967295,0,0
Vertical_Solid_Line,8480,2768,0000B08E,0,1,1,4294967295,0,0
Vertical_Solid_Line,8576,2768,0017D394,0,1,1,4294967295,0,0
Vertical_Solid_Line,8672,2816,000E6185,0,1,1,4294967295,0,0
Vertical_Solid_Line,8768,2816,00127858,0,1,1,4294967295,0,0
Vertical_Solid_Line,8880,2816,00206EB5,0,1,1,4294967295,0,0
Vertical_Solid_Line,8992,2816,0038287E,0,1,1,4294967295,0,0
Vertical_Solid_Line,9104,2816,0014A456,0,1,1,4294967295,0,0
Vertical_Solid_Line,9200,2816,00305A93,0,1,1,4294967295,0,0
Vertical_Solid_Line,9296,2816,0002EF02,0,1,1,4294967295,0,0
Vertical_Solid_Line,9392,2816,00132491,0,1,1,4294967295,0,0
Vertical_Solid_Line,9504,2816,000DC43D,0,1,1,4294967295,0,0
Vertical_Solid_Line,9600,2816,003E8031,0,1,1,4294967295,0,0
Vertical_Solid_Line,9696,2816,0018F4AE,0,1,1,4294967295,0,0
Vertical_Solid_Line,9776,2816,00240895,0,1,1,4294967295,0,0
Solid_Line,9824,3744,003E6E70,0,1,1,4294967295,0,0
Solid_Line,9824,3648,001CA44F,0,1,1,4294967295,0,0
Solid_Line,9824,3552,00238100,0,1,1,4294967295,0,0
Solid_Line,9824,3456,000A6AA5,0,1,1,4294967295,0,0
Solid_Line,9824,3360,003639C2,0,1,1,4294967295,0,0
Solid_Line,9824,3264,003BE600,0,1,1,4294967295,0,0
Solid_Line,9824,3168,0026E963,0,1,1,4294967295,0,0
Solid_Line,9824,3072,00222021,0,1,1,4294967295,0,0
Solid_Line,9984,1360,000BB61A,0,1,1,4294967295,0,0
Solid_Line,9984,320,003EAA9B,0,1,1,4294967295,0,0
Solid_Line,9984,416,003DBC1C,0,1,1,4294967295,0,0
Solid_Line,9984,496,003D451D,0,1,1,4294967295,0,0
Solid_Line,1135,3595,001157BC,0,1,1,4294967295,0,0
Solid_Line,1135,3502,00404626,0,1,1,4294967295,0,0
Solid_Line,1135,3406,00236467,0,1,1,4294967295,0,0
Solid_Line,1135,3306,0038A4E9,0,1,1,4294967295,0,0
Solid_Line,1135,3207,00035BF6,0,1,1,4294967295,0,0
Solid_Line,1135,3016,003A59E0,0,1,1,4294967295,0,0
Solid_Line,1135,3111,001F67CD,0,1,1,4294967295,0,0
Solid_Line,9825,2442,002B01C9,0,1,1,4294967295,0,0
Solid_Line,9825,2342,00003D33,0,1,1,4294967295,0,0
Solid_Line,9825,2242,0015C228,0,1,1,4294967295,0,0
Solid_Line,9825,2143,00048EB8,0,1,1,4294967295,0,0
Solid_Line,9825,2043,00020982,0,1,1,4294967295,0,0
Solid_Line,9825,1945,00273547,0,1,1,4294967295,0,0
Solid_Line,9825,1846,0001A289,0,1,1,4294967295,0,0
Solid_Line,9825,1746,000F335E,0,1,1,4294967295,0,0
Solid_Line,9825,1654,0031CC07,0,1,1,4294967295,0,0
Solid_Line,9825,1556,000D2144,0,1,1,4294967295,0,0
Solid_Line,9825,1459,003AA172,0,1,1,4294967295,0,0
Solid_Line,9824,1263,0035E52F,0,1,1,4294967295,0,0
Solid_Line,9824,1168,002601CC,0,1,1,4294967295,0,0
Solid_Line,9824,1072,00090353,0,1,1,4294967295,0,0
Solid_Line,9824,976,003D4DE8,0,1,1,4294967295,0,0
Solid_Line,9824,896,0015C9F3,0,1,1,4294967295,0,0
Solid_Line,9824,800,003E95EF,0,1,1,4294967295,0,0
Solid_Line,9824,704,00227097,0,1,1,4294967295,0,0
Solid_Line,9824,624,0031D01F,0,1,1,4294967295,0,0
Solid_Line,9391,1090,00328996,0,1,1,4294967295,0,0
Solid_Line,9391,1188,00226A7D,0,1,1,4294967295,0,0
Solid_Line,9391,1287,0004B1D5,0,1,1,4294967295,0,0
Solid_Line,9391,1387,0026F8D8,0,1,1,4294967295,0,0
Solid_Line,9391,1484,000BC210,0,1,1,4294967295,0,0
Solid_Line,9391,1584,0012C608,0,1,1,4294967295,0,0
Solid_Line,9391,1681,0025CB7A,0,1,1,4294967295,0,0
Solid_Line,9391,1780,000AF43B,0,1,1,4294967295,0,0
Solid_Line,9391,1879,0026F47C,0,1,1,4294967295,0,0
Solid_Line,9391,1978,002CC216,0,1,1,4294967295,0,0
Solid_Line,9391,2075,001BF0E8,0,1,1,4294967295,0,0
Solid_Line,9391,2127,001C52EA,0,1,1,4294967295,0,0
Solid_Line,9136,2128,002C20FE,0,1,1,4294967295,0,0
Solid_Line,9136,2032,001E8AC7,0,1,1,4294967295,0,0
Solid_Line,9136,1936,00372C4F,0,1,1,4294967295,0,0
Solid_Line,9136,1840,001C7FC5,0,1,1,4294967295,0,0
Solid_Line,9136,1744,0013DEA9,0,1,1,4294967295,0,0
Solid_Line,9136,1648,00245BFC,0,1,1,4294967295,0,0
Solid_Line,9136,1552,00375DAD,0,1,1,4294967295,0,0
Solid_Line,9136,1456,0021D535,0,1,1,4294967295,0,0
Solid_Line,9136,1360,00293490,0,1,1,4294967295,0,0
Solid_Line,9136,1264,002CBF3F,0,1,1,4294967295,0,0
Solid_Line,9136,1120,0013178C,0,1,1,4294967295,0,0
Solid_Line,9136,1184,003125E5,0,1,1,4294967295,0,0
Solid_Line,3776,1024,00369572,0,1,1,4294967295,0,0
Solid_Line,3776,1104,001A5823,0,1,1,4294967295,0,0
Solid_Line,3776,1168,000B43F0,0,1,1,4294967295,0,0
Solid_Line,3072,1024,001B6174,0,1,1,4294967295,0,0
Solid_Line,3072,1088,0007672B,0,1,1,4294967295,0,0
Solid_Line,3072,1184,002523BD,0,1,1,4294967295,0,0
Solid_Line,80,944,001AA22D,0,1,1,4294967295,0,0
Solid_Line,80,848,002AF0C8,0,1,1,4294967295,0,0
Solid_Line,80,768,0033ED22,0,1,1,4294967295,0,0
Solid_Line,80,672,002CD9FE,0,1,1,4294967295,0,0
Solid_Line,80,576,0021A6D3,0,1,1,4294967295,0,0
Solid_Line,80,480,00391B6F,0,1,1,4294967295,0,0
Solid_Line,80,384,003B413C,0,1,1,4294967295,0,0
Solid_Line,80,288,0021D5B8,0,1,1,4294967295,0,0
Solid_Line,80,192,003D1B4D,0,1,1,4294967295,0,0
Solid_Line,80,96,0019BAB5,0,1,1,4294967295,0,0
Solid_Line,80,16,00092DA8,0,1,1,4294967295,0,0
Solid_Line,9824,240,00360E36,0,1,1,4294967295,0,0
Solid_Line,9824,144,00051596,0,1,1,4294967295,0,0
Solid_Line,9824,48,0016CE7E,0,1,1,4294967295,0,0
Solid_Line,9824,2976,0009795D,0,1,1,4294967295,0,0
Solid_Line,9824,2880,00184ECC,0,1,1,4294967295,0,0
Solid_Line,9824,2784,0006FCCE,0,1,1,4294967295,0,0
Solid_Line,9824,2688,000551F9,0,1,1,4294967295,0,0
Solid_Line,9824,2608,00402CB4,0,1,1,4294967295,0,0
Solid_Line,9825,2531,000FD620,0,1,1,4294967295,0,0
Solid_Line,8049,3749,00139448,0,1,1,4294967295,0,0
Solid_Line,8049,3827,0011CAC9,0,1,1,4294967295,0,0
Solid_Line,7120,2832,002FCBA0,0,1,1,4294967295,0,0
Solid_Line,7120,2736,00170977,0,1,1,4294967295,0,0
Solid_Line,7120,2592,00166AC6,0,1,1,4294967295,0,0
Solid_Line,7120,2656,002C1EC4,0,1,1,4294967295,0,0
Solid_Line,7376,2560,00252ECD,0,1,1,4294967295,0,0
Solid_Line,7376,2640,002BD14C,0,1,1,4294967295,0,0
Solid_Line,7376,2736,003208EA,0,1,1,4294967295,0,0
Solid_Line,7376,2800,000FE83D,0,1,1,4294967295,0,0
Solid_Line,7376,2896,000BAC35,0,1,1,4294967295,0,0
Solid_Line,7376,3024,0016ACDE,0,1,1,4294967295,0,0
Solid_Line,7376,2960,002FEF9D,0,1,1,4294967295,0,0
Solid_Line,3248,2720,00349CD9,0,1,1,4294967295,0,0
Solid_Line,3248,2816,000547E0,0,1,1,4294967295,0,0
Solid_Line,3248,2896,003D3FF9,0,1,1,4294967295,0,0
Solid_Line,3409,2881,00257EF4,0,1,1,4294967295,0,0
Solid_Line,3409,2981,003CB989,0,1,1,4294967295,0,0
Solid_Line,3409,3074,000AE000,0,1,1,4294967295,0,0
Solid_Line,1713,2816,001F96AE,0,1,1,4294967295,0,0
Solid_Line,1713,2899,003A7510,0,1,1,4294967295,0,0
Solid_Line,800,2272,0014BD99,0,1,1,4294967295,0,0
Solid_Line,800,2368,002D1C5F,0,1,1,4294967295,0,0
Solid_Line,800,2464,00398125,0,1,1,4294967295,0,0
Solid_Line,800,2544,00109336,0,1,1,4294967295,0,0
Solid_Line,800,2624,00390392,0,1,1,4294967295,0,0
Solid_Line,800,2720,001B9EA3,0,1,1,4294967295,0,0
Solid_Line,800,2816,0002EBFF,0,1,1,4294967295,0,0
Solid_Line,800,2896,001DFF18,0,1,1,4294967295,0,0
Solid_Line,800,2944,002C658E,0,1,1,4294967295,0,0
Solid_Line,5840,399,002BEE86,0,1,1,4294967295,0,0
Solid_Line,5840,304,002B408F,0,1,1,4294967295,0,0
Solid_Line,5840,224,0013E950,0,1,1,4294967295,0,0
Solid_Line,5840,128,00001D3D,0,1,1,4294967295,0,0
Solid_Line,5840,48,0022F68A,0,1,1,4294967295,0,0
Solid_Line,6096,48,0028DF5C,0,1,1,4294967295,0,0
Solid_Line,6096,144,0006D6D0,0,1,1,4294967295,0,0
Solid_Line,6096,240,00127614,0,1,1,4294967295,0,0
Solid_Line,6096,336,001CED9E,0,1,1,4294967295,0,0
Solid_Line,6096,399,0019BB21,0,1,1,4294967295,0,0
Solid_Line,8432,2720,0012C973,0,1,1,4294967295,0,0
Solid_Line,8113,2670,00006ABF,0,1,1,4294967295,0,0
Solid_Line,8113,2559,0036EDBE,0,1,1,4294967295,0,0
Solid_Line,8113,2658,0030880B,0,1,1,4294967295,0,0
Solid_Line,8624,2768,000C06A3,0,1,1,4294967295,0,0
Vertical_Solid_Line,9872,2816,0018DE23,0,1,1,4294967295,0,0
Vertical_Solid_Line,9952,2816,003293EC,0,1,1,4294967295,0,0
