SolidCube,48,432,0000A019,0,1,1,4294967295,0,0
SolidCube,144,432,003DC4AE,0,1,1,4294967295,0,0
SolidCube,240,432,00112627,0,1,1,4294967295,0,0
SolidCube,336,432,0032B61C,0,1,1,4294967295,0,0
SolidCube,432,432,00356578,0,1,1,4294967295,0,0
SolidCube,528,432,00322A63,0,1,1,4294967295,0,0
SolidCube,624,432,001A53DC,0,1,1,4294967295,0,0
SolidCube,720,432,0005A45F,0,1,1,4294967295,0,0
SolidCube,816,432,0002AB60,0,1,1,4294967295,0,0
SolidCube,912,432,0018412E,0,1,1,4294967295,0,0
SolidCube,1008,432,003A5278,0,1,1,4294967295,0,0
SolidCube,1104,432,00091948,0,1,1,4294967295,0,0
SolidCube,1200,432,00086B2C,0,1,1,4294967295,0,0
SolidCube,1296,432,003A0A55,0,1,1,4294967295,0,0
SolidCube,1392,432,0033C344,0,1,1,4294967295,0,0
SolidCube,1488,432,0017D3F2,0,1,1,4294967295,0,0
SolidCube,1584,432,003B3F6A,0,1,1,4294967295,0,0
SolidCube,1680,432,0034E82E,0,1,1,4294967295,0,0
SolidCube,1776,432,003CB010,0,1,1,4294967295,0,0
SolidCube,1872,432,00126102,0,1,1,4294967295,0,0
SolidCube,1968,432,001057DD,0,1,1,4294967295,0,0
SolidCube,2064,432,0021B751,0,1,1,4294967295,0,0
SolidCube,2160,432,003BBCEF,0,1,1,4294967295,0,0
SolidCube,2240,432,000177F6,0,1,1,4294967295,0,0
SolidCube,2336,432,0006428C,0,1,1,4294967295,0,0
SolidCube,2432,432,00038B9C,0,1,1,4294967295,0,0
SolidCube,2528,432,003178AA,0,1,1,4294967295,0,0
SolidCube,2624,432,000E3985,0,1,1,4294967295,0,0
SolidCube,2720,432,001894BD,0,1,1,4294967295,0,0
SolidCube,2816,432,001F0091,0,1,1,4294967295,0,0
SolidCube,2912,432,0026F45A,0,1,1,4294967295,0,0
SolidCube,3008,432,00170F1E,0,1,1,4294967295,0,0
SolidCube,3104,432,0006ED26,0,1,1,4294967295,0,0
SolidCube,3200,432,0026CC8D,0,1,1,4294967295,0,0
SolidCube,3296,432,000D19F6,0,1,1,4294967295,0,0
SolidCube,3392,432,0039ABDA,0,1,1,4294967295,0,0
SolidCube,3488,432,0020DA53,0,1,1,4294967295,0,0
SolidCube,3584,432,003FF1F7,0,1,1,4294967295,0,0
SolidCube,3680,432,00084BAD,0,1,1,4294967295,0,0
SolidCube,3776,432,0036D53A,0,1,1,4294967295,0,0
SolidCube,3872,432,0016DBBF,0,1,1,4294967295,0,0
SolidCube,3968,432,00286BDC,0,1,1,4294967295,0,0
SolidCube,4064,432,0032398F,0,1,1,4294967295,0,0
SolidCube,4160,432,0029B6A3,0,1,1,4294967295,0,0
SolidCube,4256,432,0028558E,0,1,1,4294967295,0,0
SolidCube,4352,432,00236462,0,1,1,4294967295,0,0
SolidCube,4448,432,002D5380,0,1,1,4294967295,0,0
SolidCube,4544,432,0016FA70,0,1,1,4294967295,0,0
SolidCube,4640,432,000C4C1E,0,1,1,4294967295,0,0
SolidCube,4736,432,0015F65B,0,1,1,4294967295,0,0
SolidCube,4832,432,0036B5B2,0,1,1,4294967295,0,0
SolidCube,4912,432,002CB83F,0,1,1,4294967295,0,0
SolidCube,5008,432,000CE331,0,1,1,4294967295,0,0
SolidCube,5088,432,00171CC5,0,1,1,4294967295,0,0
SolidCube,5184,432,002D9E76,0,1,1,4294967295,0,0
SolidCube,5280,432,00186E53,0,1,1,4294967295,0,0
SolidCube,5376,432,0013E162,0,1,1,4294967295,0,0
SolidCube,5472,432,003F5BE9,0,1,1,4294967295,0,0
SolidCube,5552,432,001F655B,0,1,1,4294967295,0,0
SolidCube,5648,432,002D1087,0,1,1,4294967295,0,0
SolidCube,5728,432,003F38C8,0,1,1,4294967295,0,0
SolidCube,5824,432,00178E64,0,1,1,4294967295,0,0
SolidCube,5920,432,00308C91,0,1,1,4294967295,0,0
SolidCube,6016,432,001B71F4,0,1,1,4294967295,0,0
SolidCube,6112,432,001D5FC8,0,1,1,4294967295,0,0
SolidCube,6208,432,0018900E,0,1,1,4294967295,0,0
SolidCube,6304,432,000E1CDD,0,1,1,4294967295,0,0
SolidCube,6400,432,0019752B,0,1,1,4294967295,0,0
SolidCube,6496,432,00085715,0,1,1,4294967295,0,0
SolidCube,6592,432,00352BCD,0,1,1,4294967295,0,0
SolidCube,6688,432,0024CB96,0,1,1,4294967295,0,0
SolidCube,6784,432,001A243D,0,1,1,4294967295,0,0
SolidCube,6880,432,001D55E7,0,1,1,4294967295,0,0
SolidCube,6976,432,00026780,0,1,1,4294967295,0,0
SolidCube,7072,432,0023ECB0,0,1,1,4294967295,0,0
SolidCube,7168,432,001102D6,0,1,1,4294967295,0,0
SolidCube,7264,432,0027D59C,0,1,1,4294967295,0,0
SolidCube,7360,432,001CC16E,0,1,1,4294967295,0,0
SolidCube,7456,432,002D3077,0,1,1,4294967295,0,0
SolidCube,7552,432,00063BB7,0,1,1,4294967295,0,0
SolidCube,7648,432,0022949B,0,1,1,4294967295,0,0
SolidCube,7744,432,003441B7,0,1,1,4294967295,0,0
SolidCube,7840,432,00170B21,0,1,1,4294967295,0,0
SolidCube,7936,432,0012C36D,0,1,1,4294967295,0,0
SolidCube,8032,432,00001B73,0,1,1,4294967295,0,0
SolidCube,8128,432,00055EE8,0,1,1,4294967295,0,0
SolidCube,8224,432,00006481,0,1,1,4294967295,0,0
SolidCube,8320,432,002B542B,0,1,1,4294967295,0,0
SolidCube,8416,432,003F75B4,0,1,1,4294967295,0,0
SolidCube,8512,432,000A228A,0,1,1,4294967295,0,0
SolidCube,8608,432,003E5EB3,0,1,1,4294967295,0,0
SolidCube,8704,432,0031C82B,0,1,1,4294967295,0,0
SolidCube,8800,432,001C8FE8,0,1,1,4294967295,0,0
SolidCube,8896,432,000072E3,0,1,1,4294967295,0,0
SolidCube,8992,432,003EC2A2,0,1,1,4294967295,0,0
SR_Sonic,240,362,001392A3,0,1,1,4294967295,0,0
SR_Creep,80,336,0006A9A2,0,1,1,4294967295,0,0
SR_Amy,176,360,003A08A7,0,1,1,4294967295,0,0
SR_HighestSally,208,360,000E2E2A,0,1,1,4294967295,0,0
SR_Cream,144,364,000C712A,0,1,1,4294967295,0,0
JH_WarpRing,832,304,00068F86,0,1,1,4294967295,0,0
SR_Checker1,272,240,002EE64C,0,1,1,4294967295,0,0
SR_TrashBag,48,0,00383B98,0,1,1,4294967295,0,0
SR_Head,528,384,0033626B,0,1,1,4294967295,0,0
DC_Noice,-240,-96,001E590B,0,1,1,4294967295,0,0
Solid_Line,16,352,0027D2A9,0,1,1,4294967295,0,0
Solid_Line,16,256,000CAECB,0,1,1,4294967295,0,0
Solid_Line,16,160,0009AF2D,0,1,1,4294967295,0,0
Solid_Line,16,80,0032F272,0,1,1,4294967295,0,0
Solid_Line,16,0,0019411D,0,1,1,4294967295,0,0
Solid_Line,8976,352,002B3715,0,1,1,4294967295,0,0
Solid_Line,8976,272,00154AFA,0,1,1,4294967295,0,0
Solid_Line,8976,176,00232979,0,1,1,4294967295,0,0
Solid_Line,8976,96,00229E83,0,1,1,4294967295,0,0
Solid_Line,8976,16,00369986,0,1,1,4294967295,0,0
