SpikeWall,19792,374,003D0F24,0,1,1,4294967295,0,0
SpikeWall,19792,157,002E8392,0,1,1,4294967295,0,0
SpikeWall,19792,48,001D3B7B,0,1,1,4294967295,0,0
SpikeWall,3344,374,002B8B0F,0,1,1,4294967295,0,0
SpikeWall,4496,372,00095D95,0,1,1,4294967295,0,0
SpikeWall,6720,372,00077F5D,0,1,1,4294967295,0,0
SpikeWall,8048,372,0028F764,0,1,1,4294967295,0,0
SpikeWall,9568,372,001AA5D3,0,1,1,4294967295,0,0
SpikeWall,11408,374,0029267A,0,1,1,4294967295,0,0
SpikeWall,12976,372,00042E04,0,1,1,4294967295,0,0
SpikeWall,14656,372,003B4B25,0,1,1,4294967295,0,0
SpikeWall,16448,372,0017E10B,0,1,1,4294967295,0,0
SpikeWall,18096,372,000A342D,0,1,1,4294967295,0,0
CP_Ground,96,464,002DD8E6,0,1,1,4294967295,0,0
CP_Ground,288,464,0017BA58,0,1,1,4294967295,0,0
CP_Ground,480,464,0011C88C,0,1,1,4294967295,0,0
CP_Ground,672,464,0010BEE9,0,1,1,4294967295,0,0
CP_Ground,864,464,000C403A,0,1,1,4294967295,0,0
CP_Ground,1056,464,0002BCF8,0,1,1,4294967295,0,0
CP_Ground,1248,464,00133E95,0,1,1,4294967295,0,0
CP_Ground,1440,464,0030D3E1,0,1,1,4294967295,0,0
CP_Ground,1632,464,0009FB84,0,1,1,4294967295,0,0
CP_Ground,1824,464,003B486B,0,1,1,4294967295,0,0
CP_Ground,2016,464,0021F165,0,1,1,4294967295,0,0
CP_Ground,2208,464,0033A994,0,1,1,4294967295,0,0
CP_Ground,2400,464,002829F7,0,1,1,4294967295,0,0
CP_Ground,2592,464,000F780B,0,1,1,4294967295,0,0
CP_Ground,2784,464,0026ABD7,0,1,1,4294967295,0,0
CP_Ground,2976,464,002E3B0D,0,1,1,4294967295,0,0
CP_Ground,3168,464,00291502,0,1,1,4294967295,0,0
CP_Ground,3360,464,003F7575,0,1,1,4294967295,0,0
CP_Ground,3552,464,000AB11A,0,1,1,4294967295,0,0
CP_Ground,3744,464,003F2528,0,1,1,4294967295,0,0
CP_Ground,3936,464,002397B6,0,1,1,4294967295,0,0
CP_Ground,4128,464,00241A20,0,1,1,4294967295,0,0
CP_Ground,4320,464,00051DFF,0,1,1,4294967295,0,0
CP_Ground,4512,464,003B80D4,0,1,1,4294967295,0,0
CP_Ground,4704,464,0000A03C,0,1,1,4294967295,0,0
CP_Ground,4896,464,00341DDF,0,1,1,4294967295,0,0
CP_Ground,5088,464,00223D67,0,1,1,4294967295,0,0
CP_Ground,5280,464,00028759,0,1,1,4294967295,0,0
CP_Ground,5472,464,003865D8,0,1,1,4294967295,0,0
CP_Ground,5664,464,003C094D,0,1,1,4294967295,0,0
CP_Ground,5856,464,00210CCD,0,1,1,4294967295,0,0
CP_Ground,5984,464,003EC0CE,0,1,1,4294967295,0,0
CP_Ground,6176,464,002E475F,0,1,1,4294967295,0,0
CP_Ground,6368,464,003FB03E,0,1,1,4294967295,0,0
CP_Ground,6560,464,001268C9,0,1,1,4294967295,0,0
CP_Ground,6752,464,0027EAD3,0,1,1,4294967295,0,0
CP_Ground,6944,464,0024FC0C,0,1,1,4294967295,0,0
CP_Ground,7136,464,003FFFD8,0,1,1,4294967295,0,0
CP_Ground,7328,464,00332DD7,0,1,1,4294967295,0,0
CP_Ground,7520,464,0035719E,0,1,1,4294967295,0,0
CP_Ground,7712,464,00068A80,0,1,1,4294967295,0,0
CP_Ground,7904,464,00359790,0,1,1,4294967295,0,0
CP_Ground,8096,464,000C59A8,0,1,1,4294967295,0,0
CP_Ground,8288,464,002DCD1E,0,1,1,4294967295,0,0
CP_Ground,8480,464,0018B4FB,0,1,1,4294967295,0,0
CP_Ground,8672,464,001F080C,0,1,1,4294967295,0,0
CP_Ground,8864,464,0037EF3A,0,1,1,4294967295,0,0
CP_Ground,9056,464,002230A7,0,1,1,4294967295,0,0
CP_Ground,9248,464,003D1659,0,1,1,4294967295,0,0
CP_Ground,9440,464,0011A4E4,0,1,1,4294967295,0,0
CP_Ground,9632,464,002E3E44,0,1,1,4294967295,0,0
CP_Ground,9824,464,0028E44C,0,1,1,4294967295,0,0
CP_Ground,10016,464,0032AE30,0,1,1,4294967295,0,0
CP_Ground,10208,464,000BA074,0,1,1,4294967295,0,0
CP_Ground,10400,464,001F7E68,0,1,1,4294967295,0,0
CP_Ground,10592,464,003ED9E9,0,1,1,4294967295,0,0
CP_Ground,10784,464,001B084C,0,1,1,4294967295,0,0
CP_Ground,10976,464,001711EB,0,1,1,4294967295,0,0
CP_Ground,11168,464,001D3AE2,0,1,1,4294967295,0,0
CP_Ground,11360,464,00072C3D,0,1,1,4294967295,0,0
CP_Ground,11552,464,0014AE6E,0,1,1,4294967295,0,0
CP_Ground,11744,464,001C3143,0,1,1,4294967295,0,0
CP_Ground,11936,464,0032989A,0,1,1,4294967295,0,0
CP_Ground,12128,464,00318596,0,1,1,4294967295,0,0
CP_Ground,12320,464,000F2A3E,0,1,1,4294967295,0,0
CP_Ground,12512,464,00128D20,0,1,1,4294967295,0,0
CP_Ground,12704,464,0014F8A2,0,1,1,4294967295,0,0
CP_Ground,12896,464,00185ED2,0,1,1,4294967295,0,0
CP_Ground,13088,464,000BD08A,0,1,1,4294967295,0,0
CP_Ground,13280,464,000FAA22,0,1,1,4294967295,0,0
CP_Ground,13472,464,0029E757,0,1,1,4294967295,0,0
CP_Ground,13664,464,00077FFC,0,1,1,4294967295,0,0
CP_Ground,13856,464,000D822C,0,1,1,4294967295,0,0
CP_Ground,14048,464,0001D4B8,0,1,1,4294967295,0,0
CP_Ground,14240,464,0029311D,0,1,1,4294967295,0,0
CP_Ground,14432,464,0018C27E,0,1,1,4294967295,0,0
CP_Ground,14624,464,000ABF7F,0,1,1,4294967295,0,0
CP_Ground,14816,464,00376705,0,1,1,4294967295,0,0
CP_Ground,15008,464,003B8D18,0,1,1,4294967295,0,0
CP_Ground,15200,464,0033271E,0,1,1,4294967295,0,0
CP_Ground,15392,464,000535A4,0,1,1,4294967295,0,0
CP_Ground,15584,464,001EA2CD,0,1,1,4294967295,0,0
CP_Ground,15776,464,003C0398,0,1,1,4294967295,0,0
CP_Ground,15968,464,0001F316,0,1,1,4294967295,0,0
CP_Ground,16160,464,0039B703,0,1,1,4294967295,0,0
CP_Ground,16352,464,00027078,0,1,1,4294967295,0,0
CP_Ground,16544,464,001A66ED,0,1,1,4294967295,0,0
CP_Ground,16736,464,000C1EB2,0,1,1,4294967295,0,0
CP_Ground,16928,464,002A3BF1,0,1,1,4294967295,0,0
CP_Ground,17120,464,000CA31C,0,1,1,4294967295,0,0
CP_Ground,17312,464,0028847E,0,1,1,4294967295,0,0
CP_Ground,17504,464,001ED81C,0,1,1,4294967295,0,0
CP_Ground,17696,464,0018EC68,0,1,1,4294967295,0,0
CP_Ground,17888,464,0030CFDE,0,1,1,4294967295,0,0
CP_Ground,18080,464,002BC5ED,0,1,1,4294967295,0,0
CP_Ground,18272,464,0017BBE2,0,1,1,4294967295,0,0
CP_Ground,18464,464,0011C046,0,1,1,4294967295,0,0
CP_Ground,18656,464,002DCEA3,0,1,1,4294967295,0,0
CP_Ground,18848,464,00218715,0,1,1,4294967295,0,0
CP_Ground,19040,464,002280BA,0,1,1,4294967295,0,0
CP_Ground,19232,464,0039DAC7,0,1,1,4294967295,0,0
CP_Ground,19424,464,00257242,0,1,1,4294967295,0,0
CP_Ground,19616,464,002E4E4D,0,1,1,4294967295,0,0
CP_Ground,19808,464,0010B2DD,0,1,1,4294967295,0,0
CP_Ground,19984,464,00251F7D,0,1,1,4294967295,0,0
CP_Ground,19904,400,0017933F,0,1,1,4294967295,0,0
CP_Ground,19904,128,00033B06,0,1,1,4294967295,0,0
CP_Ground,20096,400,0004FA09,0,1,1,4294967295,0,0
CP_Ground,20288,400,00082A87,0,1,1,4294967295,0,0
CP_Ground,20480,400,0021858D,0,1,1,4294967295,0,0
CP_Ground,20096,128,00174E35,0,1,1,4294967295,0,0
CP_Ground,20288,128,00366CD5,0,1,1,4294967295,0,0
CP_Ground,20480,128,00259FFA,0,1,1,4294967295,0,0
CP_Ground,20672,400,002F7FEA,0,1,1,4294967295,0,0
CP_Ground,20864,400,001A6A8C,0,1,1,4294967295,0,0
CP_Ground,21056,400,002352CB,0,1,1,4294967295,0,0
CP_Ground,21248,400,002BB9B7,0,1,1,4294967295,0,0
CP_Ground,21440,400,0020126C,0,1,1,4294967295,0,0
CP_Ground,20672,128,00233020,0,1,1,4294967295,0,0
CP_Ground,20864,128,001D958D,0,1,1,4294967295,0,0
CP_Ground,21056,128,0006C528,0,1,1,4294967295,0,0
CP_Ground,21248,128,0028755B,0,1,1,4294967295,0,0
CP_Ground,21440,128,001DB569,0,1,1,4294967295,0,0
CP_Ground,3456,400,00223D23,0,1,1,4294967295,0,0
CP_Ground,4608,400,003968B6,0,1,1,4294967295,0,0
CP_Ground,6832,400,001724FF,0,1,1,4294967295,0,0
CP_Ground,8160,400,001908AB,0,1,1,4294967295,0,0
CP_Ground,9680,400,00077A52,0,1,1,4294967295,0,0
CP_Ground,11520,400,001BE24D,0,1,1,4294967295,0,0
CP_Ground,13088,400,0026CBD3,0,1,1,4294967295,0,0
CP_Ground,14768,400,001CFBEA,0,1,1,4294967295,0,0
CP_Ground,16560,400,00173A05,0,1,1,4294967295,0,0
CP_Ground,18208,400,003C309A,0,1,1,4294967295,0,0
SpeedBox,1616,352,001CD622,0,1,1,4294967295,0,0
SpeedBox,5488,352,0003C51D,0,1,1,4294967295,0,0
SpeedBox,10480,352,003B2FE3,0,1,1,4294967295,0,0
DeadVanilla,20016,16,00185D52,0,1,1,4294967295,0,0
SpeedBox,21488,0,000663BE,0,1,1,4294967295,0,1
KF_TimeStart,4032,336,00235607,0,1,1,4294967295,0,0
KF_TimeStart,2880,336,00341AF8,0,1,1,4294967295,0,0
KF_TimeStart,6160,336,000FCAC6,0,1,1,4294967295,0,0
KF_TimeStart,7536,336,002FEDB1,0,1,1,4294967295,0,0
KF_TimeStart,9088,336,001E756D,0,1,1,4294967295,0,0
KF_TimeStart,12384,336,00227524,0,1,1,4294967295,0,0
KF_TimeStart,10816,336,00264577,0,1,1,4294967295,0,0
KF_TimeStart,14112,336,00064522,0,1,1,4294967295,0,0
KF_TimeStart,15936,336,000D44C2,0,1,1,4294967295,0,0
KF_TimeStart,17552,336,003640A7,0,1,1,4294967295,0,0
TailsHitter,19824,272,0010D55C,0,1,1,4294967295,0,0
CP_Upper,3344,304,0024AD1A,0,1,1,4294967295,0,0
CP_Upper,4496,304,0033F973,0,1,1,4294967295,0,0
CP_Upper,6720,304,002DAEE6,0,1,1,4294967295,0,0
CP_Upper,8048,304,000EC2EB,0,1,1,4294967295,0,0
CP_Upper,9568,304,0016B930,0,1,1,4294967295,0,0
CP_Upper,11408,304,0013AD26,0,1,1,4294967295,0,0
CP_Upper,12976,304,001B445E,0,1,1,4294967295,0,0
CP_Upper,14656,304,001F1845,0,1,1,4294967295,0,0
CP_Upper,16448,304,003651A8,0,1,1,4294967295,0,0
CP_Upper,18096,304,0034071D,0,1,1,4294967295,0,0
CP_Upper,19792,315,0037FC82,0,1,1,4294967295,0,0
CP_Righter,19776,368,00389299,0,1,1,4294967295,0,0
CP_Righter,19776,352,000C6344,0,1,1,4294967295,0,0
CP_Righter,19776,336,00095F65,0,1,1,4294967295,0,0
CP_Righter,19776,320,0018CEEB,0,1,1,4294967295,0,0
KF_WarnBraker,3632,144,00358EC1,0,1,1,4294967295,0,0
KF_WarnBraker,4784,144,003B10F6,0,1,1,4294967295,0,0
KF_WarnBraker,7008,144,003B93CF,0,1,1,4294967295,0,0
KF_WarnBraker,8320,176,0031D61C,0,1,1,4294967295,0,0
KF_WarnBraker,9856,176,0037CB82,0,1,1,4294967295,0,0
KF_WarnBraker,11712,176,0037C9E4,0,1,1,4294967295,0,0
KF_WarnBraker,13232,160,000E3EA9,0,1,1,4294967295,0,0
KF_WarnBraker,14944,160,0015689B,0,1,1,4294967295,0,0
KF_WarnBraker,16720,176,003DA432,0,1,1,4294967295,0,0
KF_WarnBraker,18368,192,0010A0F2,0,1,1,4294967295,0,0
Cream,192,362,000ED85C,0,1,1,4294967295,0,0
Vertical_Solid_Line,48,144,0034CF05,0,1,1,4294967295,0,0
Vertical_Solid_Line,160,144,001ECA93,0,1,1,4294967295,0,0
Vertical_Solid_Line,256,144,00353CA9,0,1,1,4294967295,0,0
Vertical_Solid_Line,368,144,003554A5,0,1,1,4294967295,0,0
Vertical_Solid_Line,464,144,00064085,0,1,1,4294967295,0,0
Vertical_Solid_Line,560,144,0039DCEB,0,1,1,4294967295,0,0
Vertical_Solid_Line,656,144,0013A938,0,1,1,4294967295,0,0
Vertical_Solid_Line,768,144,003823F9,0,1,1,4294967295,0,0
Vertical_Solid_Line,880,144,0024CA69,0,1,1,4294967295,0,0
Vertical_Solid_Line,992,144,001D4A84,0,1,1,4294967295,0,0
Vertical_Solid_Line,1088,144,001E47DA,0,1,1,4294967295,0,0
Vertical_Solid_Line,1088,304,0004C60D,0,1,1,4294967295,0,0
Vertical_Solid_Line,976,304,0028BABF,0,1,1,4294967295,0,0
Vertical_Solid_Line,864,304,003DA9E2,0,1,1,4294967295,0,0
Vertical_Solid_Line,752,304,0022C2E7,0,1,1,4294967295,0,0
Vertical_Solid_Line,640,304,0000843F,0,1,1,4294967295,0,0
Vertical_Solid_Line,544,304,00176D84,0,1,1,4294967295,0,0
Vertical_Solid_Line,432,304,0026B366,0,1,1,4294967295,0,0
Vertical_Solid_Line,320,304,0005DA46,0,1,1,4294967295,0,0
Vertical_Solid_Line,208,304,001A4EFE,0,1,1,4294967295,0,0
Vertical_Solid_Line,96,304,001D81CF,0,1,1,4294967295,0,0
Vertical_Solid_Line,16,304,002DB4D2,0,1,1,4294967295,0,0
Solid_Line,0,336,0032AA87,0,1,1,4294967295,0,0
Solid_Line,0,240,00211518,0,1,1,4294967295,0,0
Solid_Line,0,144,00182870,0,1,1,4294967295,0,0
Solid_Line,0,48,002D469D,0,1,1,4294967295,0,0
Solid_Line,19808,160,00068527,0,1,1,4294967295,0,0
Solid_Line,19808,80,0014245D,0,1,1,4294967295,0,0
Solid_Line,19808,0,0001C014,0,1,1,4294967295,0,0
Solid_Line,1152,196,002EB7E9,0,1,1,4294967295,0,0
Solid_Line,1152,252,001AE90F,0,1,1,4294967295,0,0
