SMB_Eggman,502,373,00177D16,0,1,1,4294967295,0,0
MB_Ground,128,432,003F75F0,0,1,1,4294967295,0,0
MB_Ground,368,432,002E3502,0,1,1,4294967295,0,0
MB_Ground,608,432,0033C37A,0,1,1,4294967295,0,0
MB_Ground,848,432,000DB5EC,0,1,1,4294967295,0,0
MB_Ground,1088,432,00234410,0,1,1,4294967295,0,0
Fain_Amy,256,377,00021DF9,0,1,1,4294967295,0,0
Fain_Cream,320,381,0019A883,0,1,1,4294967295,0,0
Fain_Sally,384,379,002F5394,0,1,1,4294967295,0,0
MB_Controller,480,383,000750D2,0,1,1,4294967295,0,0
SMB_Exetior,704,380,0021AC5A,0,1,1,4294967295,0,0
SMB_Exeils,736,385,002FD6E9,0,1,1,4294967295,0,0
SMB_Execkles,800,380,002FA4EB,0,1,1,4294967295,0,0
SMB_Checker,528,272,002B3526,0,1,1,4294967295,0,0
