SivivoursBackground,0,272,002AFF65,0,1,1,4294967295,0,0
SirvivoursController,0,0,0011D456,0,1,1,4294967295,0,0
SivivoursGround,128,576,0018D446,0,1,1,4294967295,0,0
SivivoursGround,384,576,000FC641,0,1,1,4294967295,0,0
SivivoursGround,640,576,001189A6,0,1,1,4294967295,0,0
SivivoursGround,880,576,00072272,0,1,1,4294967295,0,0
SivivoursGround,1136,576,001139F5,0,1,1,4294967295,0,0
SivivoursGround,1376,576,001C46EE,0,1,1,4294967295,0,0
SivivoursGround,2336,576,0010F245,0,1,1,4294967295,0,0
SivivoursGround,2576,576,00269E03,0,1,1,4294967295,0,0
SivivoursGround,2816,576,0027AF85,0,1,1,4294967295,0,0
SivivoursGround,3056,576,00334A56,0,1,1,4294967295,0,0
SivivoursGround,3312,576,0029D695,0,1,1,4294967295,0,0
SivivoursGround,3568,576,000EF5B0,0,1,1,4294967295,0,0
SivivoursGround,3824,576,0033CBCF,0,1,1,4294967295,0,0
SivivoursGround,3952,576,00289EC4,0,1,1,4294967295,0,0
