RedBackground,0,500,0023AF3F,0,1,1,4294967295,0,0
VER_Arrows1,2256,832,001044DB,0,1,1,4294967295,0,0
VER_Arrows1,5152,816,001536AE,0,1,1,4294967295,0,0
VER_Arrows1,5568,656,00203870,0,1,1,4294967295,0,0
HOR_Arrows1,5968,592,00331498,0,1,1,4294967295,0,0
HOR_Arrows1,8304,864,000E0D75,0,1,1,4294967295,0,0
VER_Arrows1,14880,1808,001ED04D,0,1,1,4294967295,0,0
VER_Arrows1,15632,1680,00394E31,0,1,1,4294967295,0,0
HOR_Arrows1,17328,2192,001B0AA0,0,1,1,4294967295,0,0
VER_Arrows1,20848,2288,0010A85A,0,1,1,4294967295,0,0
HOR_Arrows1,20320,2160,003AB596,0,1,1,4294967295,0,0
VER_Arrows1,19280,2288,000F701A,0,1,1,4294967295,0,0
VER_Arrows1,18800,2288,0008B1DC,0,1,1,4294967295,0,0
VER_Arrows1,3440,784,0004C0E9,0,1,1,4294967295,0,0
VER_Arrows1,14912,1792,00081317,0,1,1,4294967295,0,0
VER_Arrows1,15664,1664,0028E659,0,1,1,4294967295,0,0
VER_Arrows1,16912,2352,000075D9,0,1,1,4294967295,0,0
HOR_Arrows1,17104,2256,003EEF44,0,1,1,4294967295,0,0
HOR_Arrows1,19904,2144,0034F287,0,1,1,4294967295,0,0
HOR_Arrows1,20928,2240,000D8D0C,0,1,1,4294967295,0,0
VER_Arrows1,17264,2224,001A47D2,0,1,1,4294967295,0,0
HOR_Arrows1,17696,2128,000B3754,0,1,1,4294967295,0,0
HOR_Arrows1,18720,1840,001CA76E,0,1,1,4294967295,0,0
HOR_Arrows1,18896,1840,00062947,0,1,1,4294967295,0,0
HOR_Arrows1,19072,1840,001D5802,0,1,1,4294967295,0,0
VER_Arrows1,19232,1808,00115E26,0,1,1,4294967295,0,0
VER_Arrows1,19408,1744,003C3AFE,0,1,1,4294967295,0,0
VER_Arrows1,19584,1648,000FA856,0,1,1,4294967295,0,0
HOR_Arrows1,21136,1568,0032F420,0,1,1,4294967295,0,1
VER_Arrows1,18208,2096,0028F0E1,0,1,1,4294967295,0,0
HOR_Arrows1,12240,1584,002C695B,0,1,1,4294967295,0,0
VER_Arrows1,19936,2224,000488F1,0,1,1,4294967295,0,0
VER_Arrows1,18384,2000,001FD0C2,0,1,1,4294967295,0,0
VER_Arrows1,1728,832,0018DD73,0,1,1,4294967295,0,0
VER_Arrows1,3408,816,00292540,0,1,1,4294967295,0,0
VER_Arrows1,4544,817,003691A7,0,1,1,4294967295,0,0
HOR_Arrows1,6544,720,002E4599,0,1,1,4294967295,0,0
HOR_Arrows1,10096,1184,0001FC5F,0,1,1,4294967295,0,0
HOR_Arrows1,10144,1136,002EFA40,0,1,1,4294967295,0,0
HOR_Arrows1,3840,664,000113F9,0,1,1,4294967295,0,0
VER_Arrows1,7824,648,003C86CA,0,1,1,4294967295,0,0
HOR_Arrows1,9424,752,0007119F,0,1,1,4294967295,0,0
VER_Arrows1,12080,1352,0011145D,0,1,1,4294967295,0,0
HOR_Arrows1,14240,1792,00354B3A,0,1,1,4294967295,0,0
HOR_Arrows1,14272,1760,00398738,0,1,1,4294967295,0,0
SallyLive,13328,480,001642CD,0,1,1,4294967295,0,0
SallyLive,21072,1984,00369227,0,1,1,4294967295,0,0
SallyLive,8912,928,00016332,0,1,1,4294967295,0,0
SallyLive,3072,624,00255FF7,0,1,1,4294967295,0,0
SallyLive,9216,944,00073BC1,0,1,1,4294967295,0,0
SallyLive,12224,1720,003B0BC2,0,1,1,4294967295,0,0
SallyLive,16816,920,001A4A46,0,1,1,4294967295,0,0
JH_Ground,14080,1936,003CF7F9,0,1,1,4294967295,0,0
JH_Ground,128,932,001104FF,0,1,1,4294967295,0,0
JH_Ground,384,932,000669FF,0,1,1,4294967295,0,0
JH_Ground,640,932,0025EA68,0,1,1,4294967295,0,0
JH_SolidGravityWall,496,576,00067B76,0,1,1,4294967295,0,0
JH_Ground,128,596,0028F314,0,1,1,4294967295,0,0
JH_Ground,384,596,00378C4C,0,1,1,4294967295,0,0
JH_Ground,640,596,000B8B41,0,1,1,4294967295,0,0
JH_SolidFallWall,576,628,0009DE36,0,1,1,4294967295,0,0
JH_SolidFallWall,640,628,002FCBEE,0,1,1,4294967295,0,0
JH_Ground,896,932,000EB4A1,0,1,1,4294967295,0,0
JH_Ground,896,596,000FAC41,0,1,1,4294967295,0,0
JH_Ground,1152,596,00058240,0,1,1,4294967295,0,0
JH_Ground,1152,932,001F3C94,0,1,1,4294967295,0,0
JH_Ground,1408,932,001ED741,0,1,1,4294967295,0,0
JH_Ground,1408,596,0036E05D,0,1,1,4294967295,0,0
JH_SolidFallWall,704,628,000D2EEB,0,1,1,4294967295,0,0
JH_SolidFallWall,768,628,003AA289,0,1,1,4294967295,0,0
JH_SolidFallWall,832,628,0009F345,0,1,1,4294967295,0,0
JH_SolidFallWall,896,628,003C1E42,0,1,1,4294967295,0,0
JH_SolidFallWall,960,628,000543BE,0,1,1,4294967295,0,0
JH_SolidFallWall,1024,628,0014D7C7,0,1,1,4294967295,0,0
JH_SolidFallWall,1088,628,003163BF,0,1,1,4294967295,0,0
JH_SolidFallWall,1152,628,0035A337,0,1,1,4294967295,0,0
JH_SolidFallWall,1216,628,0003FBEB,0,1,1,4294967295,0,0
JH_SolidFallWall,1280,628,00121415,0,1,1,4294967295,0,0
JH_SolidFallWall,1344,628,0000F778,0,1,1,4294967295,0,0
JH_SolidFallWall,1408,628,00115B60,0,1,1,4294967295,0,0
JH_SolidFallWall,1472,628,002E2DFF,0,1,1,4294967295,0,0
JH_SolidFallWall,1536,628,0012F3C3,0,1,1,4294967295,0,0
JH_Ground,1664,932,001BED1F,0,1,1,4294967295,0,0
JH_Ground,2176,932,00264EE6,0,1,1,4294967295,0,0
JH_Ground,2688,932,0036B376,0,1,1,4294967295,0,0
JH_Ground,2944,932,0010F939,0,1,1,4294967295,0,0
JH_Ground,2656,868,0031A6FA,0,1,1,4294967295,0,0
JH_Ground,3200,932,00230BE0,0,1,1,4294967295,0,0
JH_Ground,3456,932,003963F4,0,1,1,4294967295,0,0
JH_Ground,3712,932,003CD1B2,0,1,1,4294967295,0,0
JH_Ground,3968,932,00219F83,0,1,1,4294967295,0,0
JH_Ground,4224,932,00385E74,0,1,1,4294967295,0,0
JH_Ground,4480,932,00359765,0,1,1,4294967295,0,0
JH_Ground,4992,932,0000AD5D,0,1,1,4294967295,0,0
JH_Ground,5248,932,0018C92B,0,1,1,4294967295,0,0
JH_Ground,5504,932,00267D0B,0,1,1,4294967295,0,0
JH_Ground,5760,932,00013E97,0,1,1,4294967295,0,0
JH_Ground,5504,852,001E5EF7,0,1,1,4294967295,0,0
JH_SolidWall,5504,852,0027E781,0,1,1,4294967295,0,0
JH_SolidWall,5856,832,002C1DF0,0,1,1,4294967295,0,0
JH_SolidWall,5920,772,001C05B4,0,1,1,4294967295,0,0
JH_Ground,6016,932,002397E8,0,1,1,4294967295,0,0
JH_Ground,6272,932,0022C9AD,0,1,1,4294967295,0,0
JH_Ground,6784,932,001E4F69,0,1,1,4294967295,0,0
JH_Ground,7040,932,0015D28F,0,1,1,4294967295,0,0
JH_Ground,7296,932,00112345,0,1,1,4294967295,0,0
JH_Ground,7552,932,0027D08E,0,1,1,4294967295,0,0
JH_Ground,7808,932,0007D471,0,1,1,4294967295,0,0
JH_Ground,8064,932,0015CFBB,0,1,1,4294967295,0,0
JH_Ground,8064,896,001146B6,0,1,1,4294967295,0,0
JH_Ground,8320,960,003CFF68,0,1,1,4294967295,0,0
JH_Ground,8576,960,0038B110,0,1,1,4294967295,0,0
JH_SolidWall,8432,704,0012F51E,0,1,1,4294967295,0,0
JH_Ground,8832,992,0032782E,0,1,1,4294967295,0,0
JH_Ground,9088,992,0002B4B4,0,1,1,4294967295,0,0
JH_Ground,9344,992,000009A4,0,1,1,4294967295,0,0
JH_Ground,9600,1456,0028DD87,0,1,1,4294967295,0,0
JH_SolidWall,9440,1136,00296BD8,0,1,1,4294967295,0,0
JH_SolidWall,9440,1360,000CCA04,0,1,1,4294967295,0,0
JH_Ground,9856,1456,0020FB31,0,1,1,4294967295,0,0
JH_Ground,10112,1456,003DE97B,0,1,1,4294967295,0,0
JH_Ground,10368,1456,002EAE36,0,1,1,4294967295,0,0
JH_Ground,10624,1456,003BEBA6,0,1,1,4294967295,0,0
JH_Ground,10880,1456,00137635,0,1,1,4294967295,0,0
JH_Ground,11136,1456,0002D5BA,0,1,1,4294967295,0,0
JH_Ground,11392,1456,00179579,0,1,1,4294967295,0,0
JH_Ground,11648,1456,000BAEBD,0,1,1,4294967295,0,0
JH_Ground,11904,1456,000737F8,0,1,1,4294967295,0,0
JH_Ground,12144,1456,0023B664,0,1,1,4294967295,0,0
JH_Ground,12400,1456,00216707,0,1,1,4294967295,0,0
JH_Ground,12656,1456,00138D96,0,1,1,4294967295,0,0
JH_SolidWall,13072,1360,001B7623,0,1,1,4294967295,0,0
JH_SolidWall,13072,1104,000C304D,0,1,1,4294967295,0,0
JH_SolidWall,13072,848,002E10BA,0,1,1,4294967295,0,0
JH_SolidWall,13376,528,00048908,0,1,1,4294967295,0,0
JH_Ground,13280,384,0019ECDE,0,1,1,4294967295,0,0
JH_Ground,13168,-16,003EDC71,0,1,1,4294967295,0,0
JH_Ground,13424,-16,000857E9,0,1,1,4294967295,0,0
JH_Ground,13680,-16,000A2113,0,1,1,4294967295,0,0
JH_Ground,12912,-16,0010B55B,0,1,1,4294967295,0,0
JH_Ground,12656,-16,003CC8A4,0,1,1,4294967295,0,0
JH_Ground,12400,-16,0011CE67,0,1,1,4294967295,0,0
JH_Ground,12144,-16,0037B05E,0,1,1,4294967295,0,0
JH_Ground,11888,-16,00341F3D,0,1,1,4294967295,0,0
JH_Ground,11632,-16,001D2539,0,1,1,4294967295,0,0
JH_Ground,11376,-16,000AF9BB,0,1,1,4294967295,0,0
JH_Ground,11120,-16,000366D4,0,1,1,4294967295,0,0
JH_Ground,10864,-16,00038729,0,1,1,4294967295,0,0
JH_Ground,10608,-16,0035DA86,0,1,1,4294967295,0,0
JH_Ground,10352,-16,003D729C,0,1,1,4294967295,0,0
JH_Ground,10096,-16,00207982,0,1,1,4294967295,0,0
JH_Ground,9840,-16,00402283,0,1,1,4294967295,0,0
JH_Ground,9584,-16,000D629C,0,1,1,4294967295,0,0
JH_Ground,9328,-16,00157836,0,1,1,4294967295,0,0
JH_Ground,9072,-16,00101ABB,0,1,1,4294967295,0,0
JH_Ground,8816,-16,00083040,0,1,1,4294967295,0,0
JH_Ground,8560,-16,0020DAA8,0,1,1,4294967295,0,0
JH_Ground,8304,-16,00148F3D,0,1,1,4294967295,0,0
JH_Ground,8048,-16,0021F4A7,0,1,1,4294967295,0,0
JH_Ground,7792,-16,000DC98B,0,1,1,4294967295,0,0
JH_Ground,7536,-16,000E1DEF,0,1,1,4294967295,0,0
JH_Ground,7280,-16,00084704,0,1,1,4294967295,0,0
JH_Ground,7024,-16,001A76B7,0,1,1,4294967295,0,0
JH_Ground,6768,-16,0017234C,0,1,1,4294967295,0,0
JH_Ground,6512,-16,0010A58B,0,1,1,4294967295,0,0
JH_Ground,6256,-16,000F6FCB,0,1,1,4294967295,0,0
JH_Ground,6000,-16,00142FF9,0,1,1,4294967295,0,0
JH_Ground,5744,-16,001DA956,0,1,1,4294967295,0,0
JH_Ground,5488,-16,0001B21B,0,1,1,4294967295,0,0
JH_Ground,5232,-16,003C14E4,0,1,1,4294967295,0,0
JH_Ground,4976,-16,00376D5D,0,1,1,4294967295,0,0
JH_Ground,4720,-16,002177C4,0,1,1,4294967295,0,0
JH_Ground,4464,-16,002789E8,0,1,1,4294967295,0,0
JH_Ground,4208,-16,0036C851,0,1,1,4294967295,0,0
JH_Ground,3952,-16,003827A8,0,1,1,4294967295,0,0
JH_Ground,3696,-16,001DC90E,0,1,1,4294967295,0,0
JH_Ground,3440,-16,0026B1E2,0,1,1,4294967295,0,0
JH_Ground,3184,-16,001797B9,0,1,1,4294967295,0,0
JH_Ground,2928,-16,001AEE0F,0,1,1,4294967295,0,0
JH_Ground,2672,-16,0019534D,0,1,1,4294967295,0,0
JH_Ground,2416,-16,0000808D,0,1,1,4294967295,0,0
JH_Ground,2160,-16,003528E1,0,1,1,4294967295,0,0
JH_Ground,1904,-16,000D591C,0,1,1,4294967295,0,0
JH_Ground,1648,-16,001D593E,0,1,1,4294967295,0,0
JH_SolidWall,1600,496,0012A47C,0,1,1,4294967295,0,0
JH_SolidWall,1600,256,003D5AA2,0,1,1,4294967295,0,0
JH_SolidWall,1600,16,0031FF9F,0,1,1,4294967295,0,0
JH_FakeGround,12912,1456,002E8D5B,0,1,1,4294967295,0,1
JH_SolidGravityWall,12928,1168,001EA62B,0,1,1,4294967295,0,1
JH_Ground,13168,752,003D5E78,0,1,1,4294967295,0,0
JH_Ground,12704,1664,000E9301,0,1,1,4294967295,0,0
JH_Ground,12960,1664,0032AF66,0,1,1,4294967295,0,0
JH_Ground,12448,1664,0033939A,0,1,1,4294967295,0,0
JH_Ground,13216,1664,00085065,0,1,1,4294967295,0,0
JH_Ground,13472,1664,001DEEA5,0,1,1,4294967295,0,0
JH_Ground,13232,1456,003E6E4C,0,1,1,4294967295,0,0
JH_Ground,13488,1456,001D15B3,0,1,1,4294967295,0,0
JH_Ground,13728,1664,0002ACDC,0,1,1,4294967295,0,0
JH_Ground,13744,1456,000F0212,0,1,1,4294967295,0,0
JH_Ground,14496,1936,00153428,0,1,1,4294967295,0,0
JH_Ground,14752,1936,0011F9E9,0,1,1,4294967295,0,0
JH_Ground,15008,1936,00221602,0,1,1,4294967295,0,0
JH_Ground,15264,1808,0016B8CC,0,1,1,4294967295,0,0
JH_Ground,15520,1808,00387FDF,0,1,1,4294967295,0,0
JH_Ground,15776,1808,00266B22,0,1,1,4294967295,0,0
JH_Ground,16032,1680,0007A400,0,1,1,4294967295,0,0
JH_Ground,16544,1680,003E330F,0,1,1,4294967295,0,0
JH_SolidWall,16640,1824,002CF225,0,1,1,4294967295,0,0
JH_SolidWall,16640,2064,001AA1B4,0,1,1,4294967295,0,0
JH_SolidWall,16640,2304,0027B1EF,0,1,1,4294967295,0,0
JH_SolidWall,15936,1824,002F1B32,0,1,1,4294967295,0,0
JH_SolidWall,15168,1952,00370877,0,1,1,4294967295,0,0
JH_SolidWall,13824,1792,002DC595,0,1,1,4294967295,0,0
JH_Ground,16736,2464,003DF74A,0,1,1,4294967295,0,0
JH_Ground,16992,2464,000DB7D7,0,1,1,4294967295,0,0
JH_Ground,17248,2464,00134A82,0,1,1,4294967295,0,0
JH_Ground,17504,2464,0028E413,0,1,1,4294967295,0,0
JH_Ground,17760,2464,00269D0B,0,1,1,4294967295,0,0
JH_Ground,18016,2464,003D5881,0,1,1,4294967295,0,0
JH_Ground,18272,2464,000AE9A1,0,1,1,4294967295,0,0
JH_Ground,18528,2464,002CEC92,0,1,1,4294967295,0,0
JH_Ground,18784,2464,003C195A,0,1,1,4294967295,0,0
JH_Ground,19040,2464,003E511B,0,1,1,4294967295,0,0
JH_Ground,19296,2464,000AF843,0,1,1,4294967295,0,0
JH_Ground,19552,2464,00172A13,0,1,1,4294967295,0,0
JH_Ground,19808,2464,002BA476,0,1,1,4294967295,0,0
JH_Ground,20064,2464,00286F0F,0,1,1,4294967295,0,0
JH_Ground,20320,2464,003D1F39,0,1,1,4294967295,0,0
JH_Ground,20576,2464,00263229,0,1,1,4294967295,0,0
JH_Ground,20832,2464,00077D9C,0,1,1,4294967295,0,0
JH_Ground,21088,2464,000BA698,0,1,1,4294967295,0,0
JH_SolidWall,21248,2368,00298101,0,1,1,4294967295,0,0
JH_Ground,21392,2272,00132AA6,0,1,1,4294967295,0,0
JH_Ground,21648,2272,0026297D,0,1,1,4294967295,0,0
JH_Ground,21904,2272,00192F98,0,1,1,4294967295,0,0
JH_SolidWall,13904,1360,0000D4E9,0,1,1,4294967295,0,0
JH_SolidWall,13904,1104,002A5983,0,1,1,4294967295,0,0
JH_SolidWall,13904,848,00321930,0,1,1,4294967295,0,0
JH_SolidWall,13904,592,000250D3,0,1,1,4294967295,0,0
JH_Ground,14048,960,00356F3E,0,1,1,4294967295,0,0
JH_Ground,14304,960,00355607,0,1,1,4294967295,0,0
JH_Ground,14560,960,001FBFA7,0,1,1,4294967295,0,0
JH_Ground,14816,960,000EA544,0,1,1,4294967295,0,0
JH_Ground,15072,960,001F07EF,0,1,1,4294967295,0,0
JH_Ground,15328,960,00223A44,0,1,1,4294967295,0,0
JH_Ground,15584,960,0009BCB5,0,1,1,4294967295,0,0
JH_Ground,15840,960,0034B90E,0,1,1,4294967295,0,0
JH_Ground,16096,960,0039565F,0,1,1,4294967295,0,0
JH_Ground,16352,960,001C458C,0,1,1,4294967295,0,0
JH_Ground,16608,960,000751BE,0,1,1,4294967295,0,0
JH_SolidWall,16704,864,00173557,0,1,1,4294967295,0,0
JH_SolidWall,16704,608,000FAAA8,0,1,1,4294967295,0,0
JH_Ground,16848,816,001CF7C7,0,1,1,4294967295,0,0
JH_SolidWall,17008,912,00204732,0,1,1,4294967295,0,0
JH_Ground,17104,1072,0015CFAD,0,1,1,4294967295,0,0
JH_Ground,17360,1072,0009AA6B,0,1,1,4294967295,0,0
JH_Ground,17616,1072,000DDE21,0,1,1,4294967295,0,0
JH_Ground,17872,1072,0010ECA8,0,1,1,4294967295,0,0
JH_Ground,18128,1072,002D57E0,0,1,1,4294967295,0,0
JH_Ground,18384,1072,000C5466,0,1,1,4294967295,0,0
JH_Ground,18640,1072,0021AD70,0,1,1,4294967295,0,0
JH_Ground,18896,1072,00229D51,0,1,1,4294967295,0,0
JH_Ground,19152,1072,0039E0CE,0,1,1,4294967295,0,0
JH_Ground,19408,1072,00403880,0,1,1,4294967295,0,0
JH_Ground,19664,1072,001A39B3,0,1,1,4294967295,0,0
JH_Ground,19920,1072,002881DE,0,1,1,4294967295,0,0
JH_Ground,20176,1072,003878AD,0,1,1,4294967295,0,0
JH_Ground,20432,1072,00138797,0,1,1,4294967295,0,0
JH_Ground,20688,1072,00051F80,0,1,1,4294967295,0,0
JH_Ground,20944,1072,00075AEE,0,1,1,4294967295,0,0
JH_Ground,21200,1072,0037161F,0,1,1,4294967295,0,0
JH_Ground,21456,1072,00283595,0,1,1,4294967295,0,0
JH_Ground,21712,1072,00036C2B,0,1,1,4294967295,0,0
JH_Ground,21968,1072,00399761,0,1,1,4294967295,0,0
JH_Ground,21600,2048,0032009C,0,1,1,4294967295,0,0
JH_Ground,22016,2016,002150EC,0,1,1,4294967295,0,0
JH_SolidWall,21232,1872,00044770,0,1,1,4294967295,0,0
JH_SolidWall,21232,1632,001034AB,0,1,1,4294967295,0,0
JH_SolidWall,21232,1376,002E0CB7,0,1,1,4294967295,0,0
JH_SolidWall,21232,1184,00234A2C,0,1,1,4294967295,0,0
JH_SolidFallWall,1600,624,002A6BA3,0,1,1,4294967295,0,0
JH_SolidFallWall,1664,144,000A7EB6,0,1,1,4294967295,0,0
JH_SolidFallWall,1728,144,002E3F8C,0,1,1,4294967295,0,0
JH_SolidFallWall,1792,144,001B915B,0,1,1,4294967295,0,0
JH_SolidFallWall,1856,144,00217E57,0,1,1,4294967295,0,0
JH_SolidFallWall,1920,144,001E98C6,0,1,1,4294967295,0,0
JH_SolidFallWall,1984,144,00340E0B,0,1,1,4294967295,0,0
JH_SolidFallWall,2048,144,003E5D41,0,1,1,4294967295,0,0
JH_SolidFallWall,2112,144,003D77E8,0,1,1,4294967295,0,0
JH_SolidFallWall,2176,144,002CC104,0,1,1,4294967295,0,0
JH_SolidFallWall,2240,144,0008EF41,0,1,1,4294967295,0,0
JH_SolidFallWall,2304,144,0032CA15,0,1,1,4294967295,0,0
JH_SolidFallWall,2368,144,00063B29,0,1,1,4294967295,0,0
JH_SolidFallWall,2432,144,001D852B,0,1,1,4294967295,0,0
JH_SolidFallWall,2496,144,0021B8EA,0,1,1,4294967295,0,0
JH_SolidFallWall,2560,144,003BFFE8,0,1,1,4294967295,0,0
JH_SolidFallWall,2624,144,002D0BA2,0,1,1,4294967295,0,0
JH_SolidFallWall,2688,144,003E8D0A,0,1,1,4294967295,0,0
JH_SolidFallWall,2752,144,0036FD5B,0,1,1,4294967295,0,0
JH_SolidFallWall,2816,144,0035BC44,0,1,1,4294967295,0,0
JH_SolidFallWall,2880,144,002A3BEA,0,1,1,4294967295,0,0
JH_SolidFallWall,2944,144,003F2C2C,0,1,1,4294967295,0,0
JH_SolidFallWall,3008,144,00066223,0,1,1,4294967295,0,0
JH_SolidFallWall,3072,144,00135ADD,0,1,1,4294967295,0,0
JH_SolidFallWall,3136,144,0023B33D,0,1,1,4294967295,0,0
JH_SolidFallWall,3200,144,00035015,0,1,1,4294967295,0,0
JH_SolidFallWall,3264,144,0039B0BC,0,1,1,4294967295,0,0
JH_SolidFallWall,3328,144,001A61D5,0,1,1,4294967295,0,0
JH_SolidFallWall,3392,144,003B9EBF,0,1,1,4294967295,0,0
JH_SolidFallWall,3456,144,000D493C,0,1,1,4294967295,0,0
JH_SolidFallWall,3520,144,003F0E2C,0,1,1,4294967295,0,0
JH_SolidFallWall,3584,144,0022C6F1,0,1,1,4294967295,0,0
JH_SolidFallWall,3648,144,000158E8,0,1,1,4294967295,0,0
JH_SolidFallWall,3712,144,000FD5EC,0,1,1,4294967295,0,0
JH_SolidFallWall,3776,144,0039538E,0,1,1,4294967295,0,0
JH_SolidFallWall,3840,144,003A910F,0,1,1,4294967295,0,0
JH_SolidFallWall,3904,144,000DCC68,0,1,1,4294967295,0,0
JH_SolidFallWall,3968,144,001058EA,0,1,1,4294967295,0,0
JH_SolidFallWall,4032,144,002FE4EF,0,1,1,4294967295,0,0
JH_SolidFallWall,4096,144,0014F193,0,1,1,4294967295,0,0
JH_SolidFallWall,4160,144,001BFB84,0,1,1,4294967295,0,0
JH_SolidFallWall,4224,144,0007B256,0,1,1,4294967295,0,0
JH_SolidFallWall,4288,144,0000F0F7,0,1,1,4294967295,0,0
JH_SolidFallWall,4352,144,0002E4A9,0,1,1,4294967295,0,0
JH_SolidFallWall,4416,144,000BD7C4,0,1,1,4294967295,0,0
JH_SolidFallWall,4480,144,0006FBA5,0,1,1,4294967295,0,0
JH_SolidFallWall,4544,144,00252A31,0,1,1,4294967295,0,0
JH_SolidFallWall,4608,144,003CC0D0,0,1,1,4294967295,0,0
JH_SolidFallWall,4672,144,00022C87,0,1,1,4294967295,0,0
JH_SolidFallWall,4736,144,003264E7,0,1,1,4294967295,0,0
JH_SolidFallWall,4800,144,002078B6,0,1,1,4294967295,0,0
JH_SolidFallWall,4864,144,00198205,0,1,1,4294967295,0,0
JH_SolidFallWall,4928,144,002D33C3,0,1,1,4294967295,0,0
JH_SolidFallWall,4992,144,0034CB2B,0,1,1,4294967295,0,0
JH_SolidFallWall,5056,144,0014BA5C,0,1,1,4294967295,0,0
JH_SolidFallWall,5120,144,00221548,0,1,1,4294967295,0,0
JH_SolidFallWall,5184,144,0004A6F3,0,1,1,4294967295,0,0
JH_SolidFallWall,5248,144,002136FE,0,1,1,4294967295,0,0
JH_SolidFallWall,5312,144,002FAEC5,0,1,1,4294967295,0,0
JH_SolidFallWall,5376,144,00340F51,0,1,1,4294967295,0,0
JH_SolidFallWall,5440,144,002FD434,0,1,1,4294967295,0,0
JH_SolidFallWall,5504,144,000231C4,0,1,1,4294967295,0,0
JH_SolidFallWall,5568,144,00055DB8,0,1,1,4294967295,0,0
JH_SolidFallWall,5632,144,0005DAFA,0,1,1,4294967295,0,0
JH_SolidFallWall,5696,144,0000D62E,0,1,1,4294967295,0,0
JH_SolidFallWall,5760,144,002C44B7,0,1,1,4294967295,0,0
JH_SolidFallWall,5824,144,00389F90,0,1,1,4294967295,0,0
JH_SolidFallWall,5888,144,0025401F,0,1,1,4294967295,0,0
JH_SolidFallWall,5952,144,00169AC6,0,1,1,4294967295,0,0
JH_SolidFallWall,6016,144,00344394,0,1,1,4294967295,0,0
JH_SolidFallWall,6080,144,0019B49B,0,1,1,4294967295,0,0
JH_SolidFallWall,6144,144,0017876D,0,1,1,4294967295,0,0
JH_SolidFallWall,6208,144,00319EDE,0,1,1,4294967295,0,0
JH_SolidFallWall,6272,144,00004002,0,1,1,4294967295,0,0
JH_SolidFallWall,6336,144,0003B753,0,1,1,4294967295,0,0
JH_SolidFallWall,6400,144,001D7D85,0,1,1,4294967295,0,0
JH_SolidFallWall,6464,144,002B3920,0,1,1,4294967295,0,0
JH_SolidFallWall,6528,144,00331484,0,1,1,4294967295,0,0
JH_SolidFallWall,6592,144,003EBC8A,0,1,1,4294967295,0,0
JH_SolidFallWall,6656,144,001F19C3,0,1,1,4294967295,0,0
JH_SolidFallWall,6720,144,0001EEBC,0,1,1,4294967295,0,0
JH_SolidFallWall,6784,144,00035EB5,0,1,1,4294967295,0,0
JH_SolidFallWall,6848,144,0009AFEA,0,1,1,4294967295,0,0
JH_SolidFallWall,6912,144,001EA9B4,0,1,1,4294967295,0,0
JH_SolidFallWall,6976,144,0002F8B8,0,1,1,4294967295,0,0
JH_SolidFallWall,7040,144,002976AE,0,1,1,4294967295,0,0
JH_SolidFallWall,7104,144,003EC55C,0,1,1,4294967295,0,0
JH_SolidFallWall,7168,144,001C2C22,0,1,1,4294967295,0,0
JH_SolidFallWall,7232,144,0026F4CF,0,1,1,4294967295,0,0
JH_SolidFallWall,7296,144,000B4A6F,0,1,1,4294967295,0,0
JH_SolidFallWall,7360,144,0006DA11,0,1,1,4294967295,0,0
JH_SolidFallWall,7424,144,0024AD35,0,1,1,4294967295,0,0
JH_SolidFallWall,7488,144,000A5400,0,1,1,4294967295,0,0
JH_SolidFallWall,7552,144,003572E8,0,1,1,4294967295,0,0
JH_SolidFallWall,7616,144,0038D665,0,1,1,4294967295,0,0
JH_SolidFallWall,7680,144,0018209A,0,1,1,4294967295,0,0
JH_SolidFallWall,7744,144,003953C9,0,1,1,4294967295,0,0
JH_SolidFallWall,7808,144,0029646B,0,1,1,4294967295,0,0
JH_SolidFallWall,7872,144,00355BDA,0,1,1,4294967295,0,0
JH_SolidFallWall,7936,144,0001AEFE,0,1,1,4294967295,0,0
JH_SolidFallWall,8000,144,001137D4,0,1,1,4294967295,0,0
JH_SolidFallWall,8064,144,002D671D,0,1,1,4294967295,0,0
JH_SolidFallWall,8128,144,003B1D2C,0,1,1,4294967295,0,0
JH_SolidFallWall,8192,144,002C8846,0,1,1,4294967295,0,0
JH_SolidFallWall,8256,144,00168C29,0,1,1,4294967295,0,0
JH_SolidFallWall,8320,144,00097191,0,1,1,4294967295,0,0
JH_SolidFallWall,8384,144,0028CA94,0,1,1,4294967295,0,0
JH_SolidFallWall,8448,144,002F5DDB,0,1,1,4294967295,0,0
JH_SolidFallWall,8512,144,001DCE8B,0,1,1,4294967295,0,0
JH_SolidFallWall,8576,144,003A1215,0,1,1,4294967295,0,0
JH_SolidFallWall,8640,144,0001847C,0,1,1,4294967295,0,0
JH_SolidFallWall,8704,144,003D3550,0,1,1,4294967295,0,0
JH_SolidFallWall,8768,144,0005046A,0,1,1,4294967295,0,0
JH_SolidFallWall,8832,144,002652C3,0,1,1,4294967295,0,0
JH_SolidFallWall,8896,144,00107235,0,1,1,4294967295,0,0
JH_SolidFallWall,8960,144,00115F86,0,1,1,4294967295,0,0
JH_SolidFallWall,9024,144,0001E91B,0,1,1,4294967295,0,0
JH_SolidFallWall,9088,144,0003078B,0,1,1,4294967295,0,0
JH_SolidFallWall,9152,144,0019DA31,0,1,1,4294967295,0,0
JH_SolidFallWall,9216,144,0026CEE5,0,1,1,4294967295,0,0
JH_SolidFallWall,9280,144,001B3E9E,0,1,1,4294967295,0,0
JH_SolidFallWall,9344,144,000F7750,0,1,1,4294967295,0,0
JH_SolidFallWall,9408,144,001B879B,0,1,1,4294967295,0,0
JH_SolidFallWall,9472,144,00302D49,0,1,1,4294967295,0,0
JH_SolidFallWall,9536,144,0035D326,0,1,1,4294967295,0,0
JH_SolidFallWall,9600,144,0031BFD7,0,1,1,4294967295,0,0
JH_SolidFallWall,9664,144,0028C120,0,1,1,4294967295,0,0
JH_SolidFallWall,9728,144,00219F64,0,1,1,4294967295,0,0
JH_SolidFallWall,9792,144,002BA1E3,0,1,1,4294967295,0,0
JH_SolidFallWall,9856,144,000609BB,0,1,1,4294967295,0,0
JH_SolidFallWall,9920,144,0001831B,0,1,1,4294967295,0,0
JH_SolidFallWall,9984,144,00232088,0,1,1,4294967295,0,0
JH_SolidFallWall,10048,144,00345E9C,0,1,1,4294967295,0,0
JH_SolidFallWall,10112,144,000442FF,0,1,1,4294967295,0,0
JH_SolidFallWall,10176,144,0015DFD8,0,1,1,4294967295,0,0
JH_SolidFallWall,10240,144,0017365F,0,1,1,4294967295,0,0
JH_SolidFallWall,10304,144,0034D7B3,0,1,1,4294967295,0,0
JH_SolidFallWall,10368,144,002B6612,0,1,1,4294967295,0,0
JH_SolidFallWall,10432,144,00305184,0,1,1,4294967295,0,0
JH_SolidFallWall,10496,144,0032A51E,0,1,1,4294967295,0,0
JH_SolidFallWall,10560,144,001E97D0,0,1,1,4294967295,0,0
JH_SolidFallWall,10624,144,0039CB9F,0,1,1,4294967295,0,0
JH_SolidFallWall,10688,144,001AD14F,0,1,1,4294967295,0,0
JH_SolidFallWall,10752,144,002D6399,0,1,1,4294967295,0,0
JH_SolidFallWall,10816,144,0015569F,0,1,1,4294967295,0,0
JH_SolidFallWall,10880,144,0003EE50,0,1,1,4294967295,0,0
JH_SolidFallWall,10944,144,001B5139,0,1,1,4294967295,0,0
JH_SolidFallWall,11008,144,002B49C4,0,1,1,4294967295,0,0
JH_SolidFallWall,11072,144,0020F8D5,0,1,1,4294967295,0,0
JH_SolidFallWall,11136,144,000CC7B8,0,1,1,4294967295,0,0
JH_SolidFallWall,11200,144,003566D0,0,1,1,4294967295,0,0
JH_SolidFallWall,11264,144,0003BE24,0,1,1,4294967295,0,0
JH_SolidFallWall,11328,144,0003C896,0,1,1,4294967295,0,0
JH_SolidFallWall,11392,144,001032AD,0,1,1,4294967295,0,0
JH_SolidFallWall,11456,144,00326336,0,1,1,4294967295,0,0
JH_SolidFallWall,11520,144,00270082,0,1,1,4294967295,0,0
JH_SolidFallWall,11584,144,001CE904,0,1,1,4294967295,0,0
JH_SolidFallWall,11648,144,000760B9,0,1,1,4294967295,0,0
JH_SolidFallWall,11712,144,003EA194,0,1,1,4294967295,0,0
JH_SolidFallWall,11776,144,0027A341,0,1,1,4294967295,0,0
JH_SolidFallWall,11840,144,000A56E5,0,1,1,4294967295,0,0
JH_SolidFallWall,11904,144,00368C66,0,1,1,4294967295,0,0
JH_SolidFallWall,11968,144,0038F123,0,1,1,4294967295,0,0
JH_SolidFallWall,12032,144,0008EB3F,0,1,1,4294967295,0,0
JH_SolidFallWall,12096,144,0017180D,0,1,1,4294967295,0,0
JH_SolidFallWall,12160,144,0026C7D6,0,1,1,4294967295,0,0
JH_SolidFallWall,12224,144,0025D4BA,0,1,1,4294967295,0,0
JH_SolidFallWall,12288,144,003883D7,0,1,1,4294967295,0,0
JH_SolidFallWall,12352,144,00068A14,0,1,1,4294967295,0,0
JH_SolidFallWall,12416,144,0002C4B8,0,1,1,4294967295,0,0
JH_SolidFallWall,12480,144,0003A0DD,0,1,1,4294967295,0,0
JH_SolidFallWall,12544,144,002E814E,0,1,1,4294967295,0,0
JH_SolidFallWall,12608,144,00294E2B,0,1,1,4294967295,0,0
JH_SolidFallWall,12672,144,0014D654,0,1,1,4294967295,0,0
JH_SolidFallWall,12736,144,000FA7DD,0,1,1,4294967295,0,0
JH_SolidWall,13328,656,000380C3,0,1,1,4294967295,0,0
JH_Ground,13024,384,002DBD9C,0,1,1,4294967295,0,0
JH_SolidFallWall,12800,144,003B38B5,0,1,1,4294967295,0,0
JH_SolidFallWall,12864,144,0019E8B0,0,1,1,4294967295,0,0
JH_SolidFallWall,12928,144,00126A12,0,1,1,4294967295,0,0
JH_SolidFallWall,12992,144,0037F916,0,1,1,4294967295,0,0
JH_SolidFallWall,13056,144,00369B40,0,1,1,4294967295,0,0
JH_SolidFallWall,13120,144,0018B296,0,1,1,4294967295,0,0
JH_SolidFallWall,13184,144,00126A4F,0,1,1,4294967295,0,0
JH_SolidFallWall,13248,144,0013E9FA,0,1,1,4294967295,0,0
JH_SolidFallWall,13312,144,0005091A,0,1,1,4294967295,0,0
JH_SolidFallWall,13376,144,003946A7,0,1,1,4294967295,0,0
JH_SolidFallWall,13440,144,0026EE16,0,1,1,4294967295,0,0
JH_SolidFallWall,13504,144,002C4CD8,0,1,1,4294967295,0,0
JH_SolidFallWall,13568,144,000BEB00,0,1,1,4294967295,0,0
JH_SolidFallWall,13632,144,003C405E,0,1,1,4294967295,0,0
JH_SolidFallWall,13696,144,002C74BB,0,1,1,4294967295,0,0
JH_SolidFallWall,13760,144,0039401E,0,1,1,4294967295,0,0
JH_SolidFallWall,13824,144,0023191A,0,1,1,4294967295,0,0
JH_SolidFallWall,13888,144,003F2569,0,1,1,4294967295,0,0
JH_SolidFallWall,13952,144,00206F1E,0,1,1,4294967295,0,0
JH_SolidFallWall,14016,144,00326920,0,1,1,4294967295,0,0
JH_SolidFallWall,14080,144,0026F0F0,0,1,1,4294967295,0,0
JH_SolidFallWall,14144,144,001EF50B,0,1,1,4294967295,0,0
JH_SolidFallWall,14208,144,000D6488,0,1,1,4294967295,0,0
JH_SolidFallWall,14272,144,0017DDAF,0,1,1,4294967295,0,0
JH_SolidFallWall,14336,144,0002234F,0,1,1,4294967295,0,0
JH_SolidFallWall,14400,144,0035CAA2,0,1,1,4294967295,0,0
JH_SolidFallWall,14464,144,00372EFF,0,1,1,4294967295,0,0
JH_SolidFallWall,14528,144,003AABF6,0,1,1,4294967295,0,0
JH_SolidFallWall,14592,144,00335C60,0,1,1,4294967295,0,0
JH_SolidFallWall,14656,144,003F000E,0,1,1,4294967295,0,0
JH_SolidFallWall,14720,144,0010AD49,0,1,1,4294967295,0,0
JH_SolidFallWall,14784,144,003A00D2,0,1,1,4294967295,0,0
JH_SolidFallWall,14848,144,001EC68B,0,1,1,4294967295,0,0
JH_SolidFallWall,14912,144,0004DE65,0,1,1,4294967295,0,0
JH_SolidFallWall,14976,144,001A83DB,0,1,1,4294967295,0,0
JH_SolidFallWall,15040,144,003FE004,0,1,1,4294967295,0,0
JH_SolidFallWall,15104,144,0015003B,0,1,1,4294967295,0,0
JH_SolidFallWall,15168,144,0004D41A,0,1,1,4294967295,0,0
JH_SolidFallWall,15232,144,000E8D42,0,1,1,4294967295,0,0
JH_SolidFallWall,15296,144,000F7DB6,0,1,1,4294967295,0,0
JH_SolidFallWall,15360,144,003AE661,0,1,1,4294967295,0,0
JH_SolidFallWall,15424,144,0006F1EB,0,1,1,4294967295,0,0
JH_SolidFallWall,15488,144,001A841B,0,1,1,4294967295,0,0
JH_SolidFallWall,15552,144,0010DFF1,0,1,1,4294967295,0,0
JH_SolidFallWall,15616,144,00196A58,0,1,1,4294967295,0,0
JH_SolidFallWall,15680,144,003CC9CE,0,1,1,4294967295,0,0
JH_SolidFallWall,15744,144,002F5904,0,1,1,4294967295,0,0
JH_SolidFallWall,15808,144,000BFB4D,0,1,1,4294967295,0,0
JH_SolidFallWall,15872,144,0029EEF3,0,1,1,4294967295,0,0
JH_SolidFallWall,15936,144,000138D8,0,1,1,4294967295,0,0
JH_SolidFallWall,16000,144,00031FC8,0,1,1,4294967295,0,0
JH_SolidFallWall,16064,144,001F5D02,0,1,1,4294967295,0,0
JH_SolidFallWall,16128,144,003C726B,0,1,1,4294967295,0,0
JH_SolidFallWall,16192,144,002EC189,0,1,1,4294967295,0,0
JH_SolidFallWall,16256,144,00310B87,0,1,1,4294967295,0,0
JH_SolidFallWall,16320,144,00050133,0,1,1,4294967295,0,0
JH_SolidFallWall,16384,144,00309FC5,0,1,1,4294967295,0,0
JH_SolidFallWall,16448,144,000160A6,0,1,1,4294967295,0,0
JH_SolidFallWall,16512,144,002DB1A0,0,1,1,4294967295,0,0
JH_SolidFallWall,16576,144,001024FA,0,1,1,4294967295,0,0
JH_SolidFallWall,16640,144,00016EC6,0,1,1,4294967295,0,0
JH_SolidFallWall,16704,144,001FCF0D,0,1,1,4294967295,0,0
JH_SolidFallWall,16768,144,002276E9,0,1,1,4294967295,0,0
JH_SolidFallWall,16832,144,0016D6E8,0,1,1,4294967295,0,0
JH_SolidFallWall,16896,144,00378688,0,1,1,4294967295,0,0
JH_SolidFallWall,16960,144,001E29EC,0,1,1,4294967295,0,0
JH_SolidFallWall,17024,144,0003B5DF,0,1,1,4294967295,0,0
JH_SolidFallWall,17088,144,0012810C,0,1,1,4294967295,0,0
JH_SolidFallWall,17152,144,00227547,0,1,1,4294967295,0,0
JH_SolidFallWall,17216,144,0033DA1D,0,1,1,4294967295,0,0
JH_SolidFallWall,17280,144,00114905,0,1,1,4294967295,0,0
JH_SolidFallWall,17344,144,000BB971,0,1,1,4294967295,0,0
JH_SolidFallWall,17408,144,0012AF10,0,1,1,4294967295,0,0
JH_SolidFallWall,17472,144,001BE24F,0,1,1,4294967295,0,0
JH_SolidFallWall,17536,144,0039A6E5,0,1,1,4294967295,0,0
JH_SolidFallWall,17600,144,00395BCA,0,1,1,4294967295,0,0
JH_SolidFallWall,17664,144,000EF008,0,1,1,4294967295,0,0
JH_SolidFallWall,17728,144,00343E81,0,1,1,4294967295,0,0
JH_SolidFallWall,17792,144,002C91EE,0,1,1,4294967295,0,0
JH_SolidFallWall,17856,144,00087BD6,0,1,1,4294967295,0,0
JH_SolidFallWall,17920,144,001DB15A,0,1,1,4294967295,0,0
JH_SolidFallWall,17984,144,00362581,0,1,1,4294967295,0,0
JH_SolidFallWall,18048,144,00387A56,0,1,1,4294967295,0,0
JH_SolidFallWall,18112,144,0018B338,0,1,1,4294967295,0,0
JH_SolidFallWall,18176,144,000352CA,0,1,1,4294967295,0,0
JH_SolidFallWall,18240,144,003B6B6C,0,1,1,4294967295,0,0
JH_SolidFallWall,18304,144,001A65F5,0,1,1,4294967295,0,0
JH_SolidFallWall,18368,144,003C0D67,0,1,1,4294967295,0,0
JH_SolidFallWall,18432,144,0029E031,0,1,1,4294967295,0,0
JH_SolidFallWall,18496,144,000B8916,0,1,1,4294967295,0,0
JH_SolidFallWall,18560,144,00001B33,0,1,1,4294967295,0,0
JH_SolidFallWall,18624,144,0029052D,0,1,1,4294967295,0,0
JH_SolidFallWall,18688,144,00318A96,0,1,1,4294967295,0,0
JH_SolidFallWall,18752,144,0002FD15,0,1,1,4294967295,0,0
JH_SolidFallWall,18816,144,00036803,0,1,1,4294967295,0,0
JH_SolidFallWall,18880,144,00127517,0,1,1,4294967295,0,0
JH_SolidFallWall,18944,144,00023C51,0,1,1,4294967295,0,0
JH_SolidFallWall,19008,144,00303D89,0,1,1,4294967295,0,0
JH_SolidFallWall,19072,144,003BE0AB,0,1,1,4294967295,0,0
JH_SolidFallWall,19136,144,002B63F3,0,1,1,4294967295,0,0
JH_SolidFallWall,19200,144,003DCB61,0,1,1,4294967295,0,0
JH_SolidFallWall,19264,144,0017F476,0,1,1,4294967295,0,0
JH_SolidFallWall,19328,144,0010986A,0,1,1,4294967295,0,0
JH_SolidFallWall,19392,144,002EE5DD,0,1,1,4294967295,0,0
JH_SolidFallWall,19456,144,00037DFB,0,1,1,4294967295,0,0
JH_SolidFallWall,19520,144,0020A44B,0,1,1,4294967295,0,0
JH_SolidFallWall,19584,144,00087249,0,1,1,4294967295,0,0
JH_SolidFallWall,19648,144,00145C3E,0,1,1,4294967295,0,0
JH_SolidFallWall,19712,144,0010DA9D,0,1,1,4294967295,0,0
JH_SolidFallWall,19776,144,002FBB16,0,1,1,4294967295,0,0
JH_SolidFallWall,19840,144,001D5DF1,0,1,1,4294967295,0,0
JH_SolidFallWall,19904,144,002514EE,0,1,1,4294967295,0,0
JH_SolidFallWall,19968,144,00063F15,0,1,1,4294967295,0,0
JH_SolidFallWall,20032,144,001C4168,0,1,1,4294967295,0,0
JH_SolidFallWall,20096,144,0033C7DA,0,1,1,4294967295,0,0
JH_SolidFallWall,20160,144,003A088C,0,1,1,4294967295,0,0
JH_SolidFallWall,20224,144,003DE0C0,0,1,1,4294967295,0,0
JH_SolidFallWall,20288,144,00241C14,0,1,1,4294967295,0,0
JH_SolidFallWall,20352,144,001E5880,0,1,1,4294967295,0,0
JH_SolidFallWall,20416,144,003B0F60,0,1,1,4294967295,0,0
JH_SolidFallWall,20480,144,001F318D,0,1,1,4294967295,0,0
JH_SolidFallWall,20544,144,0021794D,0,1,1,4294967295,0,0
JH_SolidFallWall,20608,144,002A1BA9,0,1,1,4294967295,0,0
JH_SolidFallWall,20672,144,00047AE6,0,1,1,4294967295,0,0
JH_SolidFallWall,20736,144,0039CC08,0,1,1,4294967295,0,0
JH_SolidFallWall,20800,144,001246B2,0,1,1,4294967295,0,0
JH_SolidFallWall,20864,144,003BDEAC,0,1,1,4294967295,0,0
JH_SolidFallWall,20928,144,002BB818,0,1,1,4294967295,0,0
JH_SolidFallWall,20992,144,003205A7,0,1,1,4294967295,0,0
JH_SolidFallWall,21056,144,000E9599,0,1,1,4294967295,0,0
JH_SolidFallWall,21120,144,001CB0BE,0,1,1,4294967295,0,0
JH_SolidFallWall,21184,144,002616B4,0,1,1,4294967295,0,0
JH_SolidWall,16896,976,002AB54A,0,1,1,4294967295,0,0
JH_SolidWall,16896,1232,001D69E5,0,1,1,4294967295,0,0
JH_SolidWall,16896,2000,001F96C1,0,1,1,4294967295,0,0
JH_Ground,16736,2368,002FCF58,0,1,1,4294967295,0,0
JH_SolidWall,17040,2432,0018F61D,0,1,1,4294967295,0,0
JH_SolidWall,17248,2432,002739F4,0,1,1,4294967295,0,0
JH_SolidWall,17488,2368,00192F6D,0,1,1,4294967295,0,0
JH_SolidWall,17552,2416,00129D07,0,1,1,4294967295,0,0
JH_SolidWall,17616,2320,00084693,0,1,1,4294967295,0,0
JH_Ground,18064,2320,0015307F,0,1,1,4294967295,0,0
JH_SolidWall,18160,2304,00383FD7,0,1,1,4294967295,0,0
JH_Ground,18768,2400,0008C14E,0,1,1,4294967295,0,0
JH_Ground,19264,2400,0020B24A,0,1,1,4294967295,0,0
JH_Ground,19744,2400,003C5316,0,1,1,4294967295,0,0
JH_SolidWall,19888,2368,0016132F,0,1,1,4294967295,0,0
JH_SolidWall,20240,2400,003F8F62,0,1,1,4294967295,0,0
JH_SolidWall,20304,2448,00119EA0,0,1,1,4294967295,0,0
JH_SolidWall,20368,2352,00013CBB,0,1,1,4294967295,0,0
JH_Ground,20752,2400,002E58F1,0,1,1,4294967295,0,0
JH_Ground,21280,2336,0011B69C,0,1,1,4294967295,0,0
JH_SolidWall,21968,1872,0016B0AC,0,1,1,4294967295,0,0
JH_SolidWall,21968,1616,00399493,0,1,1,4294967295,0,0
JH_SolidWall,21968,1376,003352C3,0,1,1,4294967295,0,0
JH_SolidWall,21968,1120,0023D459,0,1,1,4294967295,0,0
JH_Ground,22160,2272,0015E44E,0,1,1,4294967295,0,0
JH_Ground,22416,2272,000FF510,0,1,1,4294967295,0,0
JH_Ground,22672,2272,000FCF2E,0,1,1,4294967295,0,0
JH_Ground,22272,2016,0012242B,0,1,1,4294967295,0,0
JH_Ground,22528,2016,002D8D8B,0,1,1,4294967295,0,0
JH_SolidWall,22816,2256,001647EB,0,1,1,4294967295,0,0
JH_Ground,22912,2144,002E23C4,0,1,1,4294967295,0,0
JH_Ground,23168,2144,003FDB9F,0,1,1,4294967295,0,0
JH_Ground,23424,2144,001256E3,0,1,1,4294967295,0,0
JH_Ground,23680,2144,0028E9F6,0,1,1,4294967295,0,0
JH_Ground,23936,2144,002E3824,0,1,1,4294967295,0,0
JH_Ground,24192,2144,00169CF9,0,1,1,4294967295,0,0
JH_Ground,24448,2144,00338A45,0,1,1,4294967295,0,0
JH_Ground,24704,2144,002A8B9E,0,1,1,4294967295,0,0
JH_Ground,24960,2144,000A1744,0,1,1,4294967295,0,0
JH_Ground,25216,2144,00254B9B,0,1,1,4294967295,0,0
JH_Ground,25472,2144,00239DAC,0,1,1,4294967295,0,0
JH_Ground,25728,2144,0023F35C,0,1,1,4294967295,0,0
JH_Ground,25984,2144,003027AF,0,1,1,4294967295,0,0
JH_Ground,26240,2144,000C41F2,0,1,1,4294967295,0,0
JH_Ground,26496,2144,001E896B,0,1,1,4294967295,0,0
JH_Ground,26752,2144,00270C6A,0,1,1,4294967295,0,0
JH_Ground,27008,2144,002D9995,0,1,1,4294967295,0,0
JH_Ground,27264,2144,00069F12,0,1,1,4294967295,0,0
JH_Ground,27520,2144,000A9EA1,0,1,1,4294967295,0,0
JH_Ground,27776,2144,00247673,0,1,1,4294967295,0,0
JH_Ground,28032,2144,0018B5DB,0,1,1,4294967295,0,0
JH_Ground,28288,2144,00210D54,0,1,1,4294967295,0,0
JH_Ground,28544,2144,002B91E3,0,1,1,4294967295,0,0
JH_Ground,28800,2144,0033246D,0,1,1,4294967295,0,0
JH_Ground,29008,2144,0030FE30,0,1,1,4294967295,0,0
JH_Ground,24448,2032,0008421A,0,1,1,4294967295,0,0
JH_Ground,24704,2032,0006D1E3,0,1,1,4294967295,0,0
JH_Ground,24960,2032,0017B50D,0,1,1,4294967295,0,0
JH_Ground,25216,2032,000190E5,0,1,1,4294967295,0,0
JH_Ground,25472,2032,002703D0,0,1,1,4294967295,0,0
JH_Ground,25728,2032,001149B9,0,1,1,4294967295,0,0
JH_Ground,25984,2032,002CE504,0,1,1,4294967295,0,0
JH_Ground,26240,2032,00244B0C,0,1,1,4294967295,0,0
JH_Ground,26496,2032,001642ED,0,1,1,4294967295,0,0
JH_Ground,26752,2032,0002B5CE,0,1,1,4294967295,0,0
JH_Ground,27008,2032,00181C5A,0,1,1,4294967295,0,0
JH_Ground,27264,2032,0009497A,0,1,1,4294967295,0,0
JH_Ground,27520,2032,003CD092,0,1,1,4294967295,0,0
JH_Ground,27776,2032,00087D1A,0,1,1,4294967295,0,0
JH_Ground,28032,2032,000E67D6,0,1,1,4294967295,0,0
JH_Ground,28288,2032,000700B3,0,1,1,4294967295,0,0
JH_Ground,28544,2032,003E9693,0,1,1,4294967295,0,0
JH_Ground,28800,2032,0015BFE4,0,1,1,4294967295,0,0
JH_Ground,29008,2032,0033E4EE,0,1,1,4294967295,0,0
JH_Ground,22656,2016,0035918C,0,1,1,4294967295,0,0
JH_Ground,3936,880,0038FF56,0,1,1,4294967295,0,0
JH_SolidWall,3780,860,0026C5F8,0,1,1,4294967295,0,0
JH_SolidWall,6640,976,00370068,0,1,1,4294967295,0,0
JH_SolidWall,6432,864,0034F3A6,0,1,1,4294967295,0,0
JH_Ground,6784,880,000E434C,0,1,1,4294967295,0,0
JH_Ground,6928,816,0019455C,0,1,1,4294967295,0,0
JH_Ground,7184,816,00179367,0,1,1,4294967295,0,0
JH_Ground,7632,800,00092601,0,1,1,4294967295,0,0
JH_Ground,7808,752,001A59BB,0,1,1,4294967295,0,0
JH_Ground,8064,752,000D91B0,0,1,1,4294967295,0,0
JH_Ground,8304,752,0016A04B,0,1,1,4294967295,0,0
JH_Ground,8560,800,00052281,0,1,1,4294967295,0,0
JH_Ground,8816,800,0035149C,0,1,1,4294967295,0,0
JH_Ground,9072,832,0012512F,0,1,1,4294967295,0,0
JH_Ground,9328,832,001E07D6,0,1,1,4294967295,0,0
JH_SolidWall,10928,1440,000FE871,0,1,1,4294967295,0,0
JH_SolidWall,11104,1352,003C015A,0,1,1,4294967295,0,0
JH_SolidWall,11280,1272,002EEB4C,0,1,1,4294967295,0,0
JH_SolidWall,11280,1488,0000BFCE,0,1,1,4294967295,0,0
JH_SolidWall,11456,1344,0020B201,0,1,1,4294967295,0,0
JH_SolidWall,11632,1440,0028D8DD,0,1,1,4294967295,0,0
JH_SolidWall,12352,1760,002F0122,0,1,1,4294967295,0,0
JH_SolidWall,12032,1616,0001E89C,0,1,1,4294967295,0,0
JH_SolidWall,12032,1872,001B4784,0,1,1,4294967295,0,0
JH_SolidWall,12032,2112,000BE040,0,1,1,4294967295,0,0
JH_SolidWall,12352,2096,0022FFD7,0,1,1,4294967295,0,0
JH_SolidWall,12352,1936,002012C7,0,1,1,4294967295,0,0
JH_Ground,14240,1664,0008897D,0,1,1,4294967295,0,0
JH_SolidWall,14656,1088,001165F5,0,1,1,4294967295,0,0
JH_SolidWall,14656,1264,00172232,0,1,1,4294967295,0,0
JH_Ground,14240,1936,00360278,0,1,1,4294967295,0,0
JH_Ground,13920,1936,0035AE73,0,1,1,4294967295,0,0
JH_SolidWall,16896,1744,0008C1CD,0,1,1,4294967295,0,0
JH_SolidWall,16896,1488,0015156F,0,1,1,4294967295,0,0
JH_SolidWall,18320,2208,000EF516,0,1,1,4294967295,0,0
JH_SolidWall,18480,2112,0013EC61,0,1,1,4294967295,0,0
JH_SolidWall,18640,2016,0035D5A6,0,1,1,4294967295,0,0
JH_SolidWall,18816,2016,0012D92A,0,1,1,4294967295,0,0
JH_SolidWall,18992,2016,001E2CFB,0,1,1,4294967295,0,0
JH_SolidWall,19184,2016,000838EC,0,1,1,4294967295,0,0
JH_SolidWall,19360,1936,00003CC0,0,1,1,4294967295,0,0
JH_SolidWall,19536,1840,00021375,0,1,1,4294967295,0,0
JH_SolidWall,19712,1760,0015AD8C,0,1,1,4294967295,0,0
JH_SolidGravityWall,19936,1744,001F6236,0,1,1,4294967295,0,0
JH_SolidWall,19712,2000,002D7EAF,0,1,1,4294967295,0,0
JH_Ground,20112,2096,0002DC7F,0,1,1,4294967295,0,0
JH_FakeGround,19840,1920,00308A9B,0,1,1,4294967295,0,1
JH_Ground,20080,1920,00369715,0,1,1,4294967295,0,0
JH_Ground,20336,1920,0013B650,0,1,1,4294967295,0,0
JH_Ground,20592,1920,000C3FFD,0,1,1,4294967295,0,0
JH_Ground,20848,1920,000A0C55,0,1,1,4294967295,0,0
JH_Ground,21088,1920,0031CEC2,0,1,1,4294967295,0,0
JH_SolidWall,20160,1760,00172FE5,0,1,1,4294967295,0,0
JH_SolidWall,20384,1760,002EBA55,0,1,1,4294967295,0,0
JH_SolidWall,20608,1760,00367621,0,1,1,4294967295,0,0
JH_SolidWall,20832,1760,002AF872,0,1,1,4294967295,0,0
JH_SolidWall,21072,1760,003FBB9C,0,1,1,4294967295,0,0
JH_Ground,20368,2096,00223C7E,0,1,1,4294967295,0,0
JH_Ground,20880,2096,0015277C,0,1,1,4294967295,0,0
JH_Ground,21136,2096,00145DF7,0,1,1,4294967295,0,0
JH_Ground,21392,2096,001279F3,0,1,1,4294967295,0,0
JH_Ground,18736,2112,0024F776,0,1,1,4294967295,0,0
JH_Ground,19456,2048,0034653D,0,1,1,4294967295,0,0
JH_Ground,19600,2048,001AAC0F,0,1,1,4294967295,0,0
JH_Ground,19088,2112,0027A74A,0,1,1,4294967295,0,0
JH_Ground,18896,2112,003AA85B,0,1,1,4294967295,0,0
JH_SolidWall,12752,1360,001B91A1,0,1,1,4294967295,0,0
JH_Ground,9072,880,001FC8E2,0,1,1,4294967295,0,0
JH_Ground,9072,928,003D8CFD,0,1,1,4294967295,0,0
JH_Ground,12128,2256,00321187,0,1,1,4294967295,0,0
JH_Ground,12256,2256,00348D0A,0,1,1,4294967295,0,0
JH_SolidWall,12704,480,003B9EA6,0,1,1,4294967295,0,0
JH_SolidWall,12704,720,0026B20D,0,1,1,4294967295,0,0
JH_SolidWall,12704,864,00234A6B,0,1,1,4294967295,0,0
JH_Ground,12848,384,000A901A,0,1,1,4294967295,0,0
JH_Ground,22912,2016,003B974E,0,1,1,4294967295,0,0
JH_Ground,23168,2016,00368B54,0,1,1,4294967295,0,0
JH_Ground,23424,2016,0028831D,0,1,1,4294967295,0,0
JH_Ground,23664,2016,0035AEDC,0,1,1,4294967295,0,0
JH_Ground,23920,2016,002E130B,0,1,1,4294967295,0,0
JH_Ground,24160,2032,0022827A,0,1,1,4294967295,0,0
JH_Ground,24304,2032,002527F3,0,1,1,4294967295,0,0
JH_Ground,12992,320,000931AE,0,1,1,4294967295,0,0
JH_Ground,1920,992,0012BA78,0,1,1,4294967295,0,0
JH_Ground,2432,992,00228ED2,0,1,1,4294967295,0,0
JH_SolidWall,3120,576,003F1BB0,0,1,1,4294967295,0,0
JH_Ground,2960,672,003E0D66,0,1,1,4294967295,0,0
JH_Ground,3216,480,001C42ED,0,1,1,4294967295,0,0
JH_Ground,3472,544,0023B728,0,1,1,4294967295,0,0
JH_Ground,4736,992,003B03F5,0,1,1,4294967295,0,0
JH_Ground,6528,960,000CB697,0,1,1,4294967295,0,0
JH_Ground,9344,832,003D3904,0,1,1,4294967295,0,0
JH_SolidWall,10032,1360,00370483,0,1,1,4294967295,0,0
JH_SolidWall,10336,1360,0001307A,0,1,1,4294967295,0,0
JH_Ground,10400,1328,0011FAD2,0,1,1,4294967295,0,0
JH_Ground,14496,1664,000BFC5D,0,1,1,4294967295,0,0
JH_Ground,14752,1728,00319E32,0,1,1,4294967295,0,0
JH_SolidWall,14144,1950,001CCBE7,0,1,1,4294967295,0,0
JH_SolidWall,14512,1950,0011B03B,0,1,1,4294967295,0,0
JH_Ground,16288,1744,001A2996,0,1,1,4294967295,0,0
JH_FakeGround,16768,1744,0006C525,0,1,1,4294967295,0,1
JH_SolidGravityWall,16768,1536,0015F851,0,1,1,4294967295,0,1
JH_FakeGround,19856,2096,000FADEA,0,1,1,4294967295,0,1
JH_Ground,128,1424,002550A2,0,1,1,4294967295,0,0
JH_Ground,6336,768,0031F144,0,1,1,4294967295,0,0
JH_SolidWall,16448,1752,001FF1EE,0,1,1,4294967295,0,0
JH_Ground,176,1248,0039017D,0,1,1,4294967295,0,0
JH_Ground,-80,1248,0022AA58,0,1,1,4294967295,0,0
JH_SolidWall,328,1088,0015B748,0,1,1,4294967295,0,0
JH_SolidWall,20384,1512,001782DC,0,1,1,4294967295,0,0
JH_SolidWall,20384,1264,002D0217,0,1,1,4294967295,0,0
JH_SolidWall,20384,1224,002C5E8E,0,1,1,4294967295,0,0
JH_Spikes,16752,2416,000CDDC5,0,1,1,4294967295,0,0
JH_Spikes,16928,2416,00299FF2,0,1,1,4294967295,0,0
JH_Spikes,17104,2416,0007E8B0,0,1,1,4294967295,0,0
JH_Spikes,17280,2416,002C5014,0,1,1,4294967295,0,0
JH_Spikes,17456,2416,002CD205,0,1,1,4294967295,0,0
JH_Spikes,17632,2416,0001B1DC,0,1,1,4294967295,0,0
JH_Spikes,17808,2416,001A7E6F,0,1,1,4294967295,0,0
JH_Spikes,17984,2416,003075CA,0,1,1,4294967295,0,0
JH_Spikes,18160,2416,00155930,0,1,1,4294967295,0,0
JH_Spikes,18336,2416,0036AF49,0,1,1,4294967295,0,0
JH_Spikes,18512,2416,000EB6FD,0,1,1,4294967295,0,0
JH_Spikes,18688,2416,002254B7,0,1,1,4294967295,0,0
JH_Spikes,18864,2416,0034F105,0,1,1,4294967295,0,0
JH_Spikes,19040,2416,00339AB3,0,1,1,4294967295,0,0
JH_Spikes,19216,2416,000B147A,0,1,1,4294967295,0,0
JH_Spikes,19392,2416,002E0DFF,0,1,1,4294967295,0,0
JH_Spikes,19568,2416,0034137F,0,1,1,4294967295,0,0
JH_Spikes,19744,2416,0036DFAA,0,1,1,4294967295,0,0
JH_Spikes,19920,2416,002FC489,0,1,1,4294967295,0,0
JH_Spikes,20096,2416,00322907,0,1,1,4294967295,0,0
JH_Spikes,20272,2416,00148E48,0,1,1,4294967295,0,0
JH_Spikes,20448,2416,00035036,0,1,1,4294967295,0,0
JH_Spikes,20624,2416,001E5929,0,1,1,4294967295,0,0
JH_Spikes,20800,2416,00253FE0,0,1,1,4294967295,0,0
JH_Spikes,20976,2416,00178CC5,0,1,1,4294967295,0,0
JH_Spikes,21152,2416,003C6C43,0,1,1,4294967295,0,0
JH_SpikesFalse,18720,2064,000CCA6A,0,1,1,4294967295,0,0
JH_SpikesFalse,18912,2064,002B21D4,0,1,1,4294967295,0,0
JH_SpikesFalse,19088,2064,00120FCA,0,1,1,4294967295,0,0
JH_SpikesFalse,17552,2272,0029F639,0,1,1,4294967295,0,0
JH_SpikesFalse,19424,2000,002F2DCF,0,1,1,4294967295,0,0
JH_SpikesFalse,19600,2000,002430CC,0,1,1,4294967295,0,0
JH_SpikesFalse,20048,1872,0029065D,0,1,1,4294967295,0,0
JH_SpikesFalse,20272,1872,003F27CC,0,1,1,4294967295,0,0
JH_SpikesFalse,20496,1872,0018F447,0,1,1,4294967295,0,0
JH_SpikesFalse,20720,1872,00137E2E,0,1,1,4294967295,0,0
JH_SpikesFalse,20944,1872,003E51B6,0,1,1,4294967295,0,0
JH_SpikesFalse,21120,1872,0006D91B,0,1,1,4294967295,0,0
JH_SpikesFalse,20304,2304,0005294A,0,1,1,4294967295,0,0
JH_SpikesFalse,12096,2208,0002ABAE,0,1,1,4294967295,0,0
JH_SpikesFalse,12272,2208,0033F6BC,0,1,1,4294967295,0,0
JH_Spikes,1872,944,000C05CA,0,1,1,4294967295,0,0
JH_Spikes,2048,944,0030D0C3,0,1,1,4294967295,0,0
JH_Spikes,2384,944,000373AB,0,1,1,4294967295,0,0
JH_Spikes,2560,944,0007A2BC,0,1,1,4294967295,0,0
JH_Spikes,3888,832,0034D7CC,0,1,1,4294967295,0,0
JH_Spikes,3968,832,0021BCD9,0,1,1,4294967295,0,0
JH_Spikes,4832,944,002D635D,0,1,1,4294967295,0,0
JH_Spikes,4656,944,00385FD8,0,1,1,4294967295,0,0
JH_Spikes,6528,912,003CBCE7,0,1,1,4294967295,0,0
JH_Spikes,10144,1408,00033D14,0,1,1,4294967295,0,0
JH_Spikes,10240,1408,0009FEC9,0,1,1,4294967295,0,0
JH_Spikes,16208,1696,0023BDA8,0,1,1,4294967295,0,0
JH_Spikes,16384,1696,0007796E,0,1,1,4294967295,0,0
JH_SpikesFalse,11008,1408,0037EE7A,0,1,1,4294967295,0,0
JH_SpikesFalse,11184,1408,001E71AA,0,1,1,4294967295,0,0
JH_SpikesFalse,11376,1408,00115C22,0,1,1,4294967295,0,0
JH_SpikesFalse,11552,1408,001C0040,0,1,1,4294967295,0,0
JH_SpikesFalse,12840,1620,00380370,0,1,1,4294967295,0,1
JH_SpikesFalse,13000,1620,00335B85,0,1,1,4294967295,0,1
JH_SpikesFalse,16700,2320,003E6DE9,0,1,1,4294967295,0,1
JH_Spikes,14256,1888,002DAFD5,0,1,1,4294967295,0,0
JH_Spikes,14432,1888,00053D98,0,1,1,4294967295,0,0
JH_Spikes,15840,1760,003D9A46,0,1,1,4294967295,0,0
JH_Spikes,14704,1680,003FEB52,0,1,1,4294967295,0,0
JH_Spikes,12272,1408,0017D9C5,0,1,1,4294967295,0,0
JH_Spikes,9552,1408,000AF524,0,1,1,4294967295,0,0
JH_Spikes,8032,704,002AE7F3,0,1,1,4294967295,0,0
JH_Spikes,6032,888,002003BC,0,1,1,4294967295,0,0
JH_SpringLeftAngle,11056,1328,00372572,0,1,1,4294967295,0,0
JH_SpringLeftAngle,11232,1312,0015ED3B,0,1,1,4294967295,0,0
JH_SpringLeftAngle,11408,1296,002B1354,0,1,1,4294967295,0,0
JH_SpringLeftAngle,11584,1360,00266268,0,1,1,4294967295,0,0
JH_Spring,17440,2416,001EAE0A,0,1,1,4294967295,0,0
JH_SpringLeftAngle,19664,1872,0022045B,0,1,1,4294967295,0,0
JH_SpringLeftAngle,20336,1800,001B5123,0,1,1,4294967295,0,0
JH_Spring,20128,1824,000F213F,0,1,1,4294967295,0,0
JH_HyperChecker5,565,800,003CF6FD,0,1,1,4294967295,0,0
JH_HyperChecker7,23104,2080,000570D6,0,1,1,4294967295,0,0
CCJ_Exunter,32,1372,000CD92B,0,1,1,4294967295,0,0
Ring,1408,880,00060403,0,1,1,4294967295,0,0
Ring,1440,880,000891C4,0,1,1,4294967295,0,0
Ring,1472,880,0016E516,0,1,1,4294967295,0,0
Ring,2176,880,002BE15F,0,1,1,4294967295,0,0
Ring,2912,624,00053779,0,1,1,4294967295,0,0
Ring,2976,624,002BC898,0,1,1,4294967295,0,0
Ring,3472,496,0036B757,0,1,1,4294967295,0,0
Ring,3104,880,001E10B7,0,1,1,4294967295,0,0
Ring,3296,880,000D52DC,0,1,1,4294967295,0,0
Ring,3456,880,0024C78E,0,1,1,4294967295,0,0
Ring,5504,704,0039636B,0,1,1,4294967295,0,0
Ring,6368,880,0001D2E4,0,1,1,4294967295,0,0
Ring,6368,832,0038803D,0,1,1,4294967295,0,0
Ring,8432,560,003321FC,0,1,1,4294967295,0,0
Ring,10336,1200,003CC4CB,0,1,1,4294967295,0,0
Ring,11280,1120,000226B2,0,1,1,4294967295,0,0
Ring,11280,1088,003B51B0,0,1,1,4294967295,0,0
Ring,11456,1200,0029703F,0,1,1,4294967295,0,0
Ring,11104,1200,00020860,0,1,1,4294967295,0,0
Ring,12912,1392,00079CE5,0,1,1,4294967295,0,0
Ring,12944,1392,0038604D,0,1,1,4294967295,0,0
Ring,12336,1608,00178C92,0,1,1,4294967295,0,0
Ring,12368,1608,003A9AD4,0,1,1,4294967295,0,0
Ring,12400,1608,001E30D0,0,1,1,4294967295,0,0
Ring,14144,1800,001691E9,0,1,1,4294967295,0,0
Ring,14512,1800,00095956,0,1,1,4294967295,0,0
Ring,14256,1608,003CE4A1,0,1,1,4294967295,0,0
Ring,14400,1608,0035782D,0,1,1,4294967295,0,0
Ring,14528,1608,00201D6B,0,1,1,4294967295,0,0
Ring,16768,1848,002A87F4,0,1,1,4294967295,0,0
Ring,16768,1936,0034D630,0,1,1,4294967295,0,0
Ring,16768,2032,00333ED9,0,1,1,4294967295,0,0
Ring,16768,2120,003A4E7E,0,1,1,4294967295,0,0
JH_HideWall1,12928,912,002D1CB3,0,1,1,4294967295,0,0
JH_HideWall1,12928,656,0022B40B,0,1,1,4294967295,0,0
JH_HideWall1,12928,400,001F4EAA,0,1,1,4294967295,0,0
JH_HideWall1,16576,1520,001BB4FE,0,1,1,4294967295,0,0
JH_HideWall1,16576,1280,0024219E,0,1,1,4294967295,0,0
JH_HideWall1,16576,1120,001815DA,0,1,1,4294967295,0,0
JH_HideWall1,19936,1488,003F3569,0,1,1,4294967295,0,0
JH_HideWall1,19936,1232,003369E5,0,1,1,4294967295,0,0
JH_HideWall2,16736,1376,000E72CE,0,1,1,4294967295,0,0
Solid_Line,16,928,002C6494,0,1,1,4294967295,0,0
Solid_Line,16,864,0007CE31,0,1,1,4294967295,0,0
Solid_Line,16,768,0000C91F,0,1,1,4294967295,0,0
Solid_Line,16,672,0022F267,0,1,1,4294967295,0,0
Solid_Line,0,548,0033E41D,0,1,1,4294967295,0,0
Solid_Line,22000,1936,002046C8,0,1,1,4294967295,0,0
Solid_Line,22000,1840,0035B5C2,0,1,1,4294967295,0,0
Solid_Line,22000,1744,003B5130,0,1,1,4294967295,0,0
Solid_Line,22000,1648,00153DB0,0,1,1,4294967295,0,0
Solid_Line,22000,1552,003589EE,0,1,1,4294967295,0,0
Solid_Line,22000,1456,003D0A7B,0,1,1,4294967295,0,0
Solid_Line,22000,1360,000E4E84,0,1,1,4294967295,0,0
Solid_Line,22000,1264,0027E41C,0,1,1,4294967295,0,0
Solid_Line,22000,1168,003D8EEA,0,1,1,4294967295,0,0
Solid_Line,22000,1072,00223C64,0,1,1,4294967295,0,0
Solid_Line,22000,976,00386E92,0,1,1,4294967295,0,0
Solid_Line,22000,880,00149E37,0,1,1,4294967295,0,0
Solid_Line,22000,784,000BD8A4,0,1,1,4294967295,0,0
Solid_Line,22000,704,0015A40B,0,1,1,4294967295,0,0
Solid_Line,22000,608,001DBC9A,0,1,1,4294967295,0,0
Solid_Line,22000,512,0007770A,0,1,1,4294967295,0,0
Solid_Line,22000,416,0031767B,0,1,1,4294967295,0,0
Solid_Line,22000,320,00234ED5,0,1,1,4294967295,0,0
Solid_Line,22000,224,000BDAEF,0,1,1,4294967295,0,0
Solid_Line,22000,128,00096F5A,0,1,1,4294967295,0,0
Solid_Line,22000,32,002B139E,0,1,1,4294967295,0,0
Solid_Line,28992,2064,003F7FED,0,1,1,4294967295,0,0
Solid_Line,28992,1968,0002E703,0,1,1,4294967295,0,0
Solid_Line,25008,2080,002FED91,0,1,1,4294967295,0,0
Solid_Line,16,1344,003B2EED,0,1,1,4294967295,0,0
Solid_Line,16,1264,001B42D8,0,1,1,4294967295,0,0
Solid_Line,16,1168,0029CA18,0,1,1,4294967295,0,0
Solid_Line,16,1088,001B3847,0,1,1,4294967295,0,0
Solid_Line,16,992,000FCFC3,0,1,1,4294967295,0,0
Solid_Line,16,1408,00057973,0,1,1,4294967295,0,0
Solid_Line,16,1504,0039F2EB,0,1,1,4294967295,0,0
Solid_Line,16,1600,00118CFE,0,1,1,4294967295,0,0
Solid_Line,16,1696,00316622,0,1,1,4294967295,0,0
Solid_Line,16,1792,00286611,0,1,1,4294967295,0,0
Solid_Line,16,1888,0003D877,0,1,1,4294967295,0,0
Solid_Line,16,1984,000DBDEA,0,1,1,4294967295,0,0
Solid_Line,16,2080,003B2585,0,1,1,4294967295,0,0
Solid_Line,16,2160,0008CEC8,0,1,1,4294967295,0,0
Solid_Line,16,2256,003A5BCA,0,1,1,4294967295,0,0
Solid_Line,16,2352,00302AF1,0,1,1,4294967295,0,0
Solid_Line,16,2432,003AF465,0,1,1,4294967295,0,0
Solid_Line,16,2528,003BE8D2,0,1,1,4294967295,0,0
Solid_Line,16,2608,00001C20,0,1,1,4294967295,0,0
Solid_Line,16,2704,000A435F,0,1,1,4294967295,0,0
Solid_Line,16,2800,001A3A96,0,1,1,4294967295,0,0
Solid_Line,16,2896,00100F35,0,1,1,4294967295,0,0
Solid_Line,16,2992,000F9B25,0,1,1,4294967295,0,0
Solid_Line,16,576,00134096,0,1,1,4294967295,0,0
Solid_Line,16,480,0009E0B9,0,1,1,4294967295,0,0
Solid_Line,16,384,00052705,0,1,1,4294967295,0,0
Solid_Line,16,288,00107285,0,1,1,4294967295,0,0
Solid_Line,16,192,001B5683,0,1,1,4294967295,0,0
Solid_Line,16,112,003692C8,0,1,1,4294967295,0,0
Solid_Line,16,32,002DC3BD,0,1,1,4294967295,0,0
