SivivoursGround,128,880,0029D853,0,1,1,4294967295,0,0
SivivoursGround,384,880,002C734B,0,1,1,4294967295,0,0
SivivoursGround,640,880,00206206,0,1,1,4294967295,0,0
SivivoursGround,896,880,000D40F0,0,1,1,4294967295,0,0
SivivoursGround,1152,880,0008E9EE,0,1,1,4294967295,0,0
SivivoursGround,1408,880,000EB475,0,1,1,4294967295,0,0
SivivoursGround,1664,880,002CA8C3,0,1,1,4294967295,0,0
SivivoursGround,1920,880,002F7721,0,1,1,4294967295,0,0
WE_Amy,112,832,003D629F,0,1,1,4294967295,0,0
WE_Cream,160,836,001B8F94,0,1,1,4294967295,0,0
WE_Sally,208,831,00001492,0,1,1,4294967295,0,0
WE_Execkles,1303,832,0017F496,0,1,1,4294967295,0,0
WE_Exetior,1275,832,001EFB55,0,1,1,4294967295,0,0
WE_Exeils,1488,836,0004E089,0,1,1,4294967295,0,0
WE_Cam,816,768,001DD2E2,0,1,1,4294967295,0,0
SirvivoursChecker1,1216,656,002A3BF9,0,1,1,4294967295,0,0
Solid_Line,16,832,003BF11B,0,1,1,4294967295,0,0
Solid_Line,16,736,00163FBB,0,1,1,4294967295,0,0
Solid_Line,16,640,0011926C,0,1,1,4294967295,0,0
Solid_Line,16,544,00365609,0,1,1,4294967295,0,0
Solid_Line,16,448,00358D8E,0,1,1,4294967295,0,0
Solid_Line,16,352,003A81B3,0,1,1,4294967295,0,0
