MB_Ground,128,400,0008F2D4,0,1,1,4294967295,0,0
MB_Ground,384,400,0025374F,0,1,1,4294967295,0,0
MB_Ground,640,400,0002011F,0,1,1,4294967295,0,0
MB_Ground,896,400,0035CDE3,0,1,1,4294967295,0,0
MB_Ground,1136,400,000EA921,0,1,1,4294967295,0,0
MB_Ground,1392,400,001BC5C6,0,1,1,4294967295,0,0
ProloqueWall1,496,320,00094502,0,1,1,4294967295,0,0
MB_Exetior,448,347,002A5600,0,1,1,4294967295,0,0
Sally_Cam,400,16,002DB631,0,1,1,4294967295,0,0
Solid_Line,16,336,000C01FB,0,1,1,4294967295,0,0
Solid_Line,16,240,003C12A6,0,1,1,4294967295,0,0
Solid_Line,16,144,0012A4BD,0,1,1,4294967295,0,0
Solid_Line,16,64,0010141E,0,1,1,4294967295,0,0
Solid_Line,16,0,002D8815,0,1,1,4294967295,0,0
Solid_Line,1488,320,0010B326,0,1,1,4294967295,0,0
Solid_Line,1488,224,001B958B,0,1,1,4294967295,0,0
Solid_Line,1488,128,00089A60,0,1,1,4294967295,0,0
Solid_Line,1488,32,000C19E4,0,1,1,4294967295,0,0
