IF_Ground,128,432,001C3DE0,0,1,1,4294967295,0,0
IF_Ground,384,432,00318A3E,0,1,1,4294967295,0,0
IF_Ground,640,432,0020488E,0,1,1,4294967295,0,0
IF_Ground,896,432,0032DD84,0,1,1,4294967295,0,0
IF_Ground,1152,432,003BB6C5,0,1,1,4294967295,0,0
IF_Ground,1408,432,00005C8C,0,1,1,4294967295,0,0
IF_Ground,1568,432,000DDEA1,0,1,1,4294967295,0,0
IF_Ground,1824,432,0004DF90,0,1,1,4294967295,0,0
IF_Ground,2080,432,000313C8,0,1,1,4294967295,0,0
IF_Ground,2336,432,00295E92,0,1,1,4294967295,0,0
IF_Ground,2592,432,001BA892,0,1,1,4294967295,0,0
IF_Ground,2848,432,0013EEB7,0,1,1,4294967295,0,0
IF_Ground,3104,432,000E0787,0,1,1,4294967295,0,0
IF_Ground,3344,432,001C7480,0,1,1,4294967295,0,0
IF_Ground,3600,432,003B4AE0,0,1,1,4294967295,0,0
IF_Ground,3856,432,0003B691,0,1,1,4294967295,0,0
IF_Ground,3984,432,001A60FC,0,1,1,4294967295,0,0
