CP_Ground,96,416,002E689D,0,1,1,4294967295,0,0
CP_Ground,288,416,0036640B,0,1,1,4294967295,0,0
CP_Ground,480,416,002D7941,0,1,1,4294967295,0,0
CP_Ground,672,416,00026596,0,1,1,4294967295,0,0
CP_Ground,864,416,000A635F,0,1,1,4294967295,0,0
CF_Tails10,912,320,000CA52E,0,1,1,4294967295,0,0
CF_Knuckles10,992,272,0038A96E,0,1,1,4294967295,0,0
CF_Cream10,688,208,0013E5C7,0,1,1,4294967295,0,0
Solid_Line,16,320,0000CAE2,0,1,1,4294967295,0,0
Solid_Line,16,240,0012F598,0,1,1,4294967295,0,0
Solid_Line,16,160,00257A65,0,1,1,4294967295,0,0
Solid_Line,16,80,0033CE95,0,1,1,4294967295,0,0
Solid_Line,16,0,0007B7CF,0,1,1,4294967295,0,0
Solid_Line,0,608,00181CE5,0,1,1,4294967295,0,0
Solid_Line,16,592,0030A458,0,1,1,4294967295,0,0
Solid_Line,16,496,0037A305,0,1,1,4294967295,0,0
